Country;Date;Confirmed;New_Confirmed;Deaths;New_Deaths;Recovered;New_Recovered;Active;New_Active;Year;Month;Day;Week_Day;Deaths_Ratio;Recovered_Ratio;Active_Ratio;Day_Since_1st_Confirmed;Day_Since_100st_Confirmed
Bahrain;2020-02-24;    1;  1; 0;0;   0;  0;   1;   1;2020;luty;24;poniedziałek;0,0000;0,0000;1,0000;  1; 0
Bahrain;2020-02-25;   23; 22; 0;0;   0;  0;  23;  22;2020;luty;25;wtorek;0,0000;0,0000;1,0000;  2; 0
Bahrain;2020-02-26;   33; 10; 0;0;   0;  0;  33;  10;2020;luty;26;środa;0,0000;0,0000;1,0000;  3; 0
Bahrain;2020-02-27;   33;  0; 0;0;   0;  0;  33;   0;2020;luty;27;czwartek;0,0000;0,0000;1,0000;  4; 0
Bahrain;2020-02-28;   36;  3; 0;0;   0;  0;  36;   3;2020;luty;28;piątek;0,0000;0,0000;1,0000;  5; 0
Bahrain;2020-02-29;   41;  5; 0;0;   0;  0;  41;   5;2020;luty;29;sobota;0,0000;0,0000;1,0000;  6; 0
Bahrain;2020-03-01;   47;  6; 0;0;   0;  0;  47;   6;2020;marzec; 1;niedziela;0,0000;0,0000;1,0000;  7; 0
Bahrain;2020-03-02;   49;  2; 0;0;   0;  0;  49;   2;2020;marzec; 2;poniedziałek;0,0000;0,0000;1,0000;  8; 0
Bahrain;2020-03-03;   49;  0; 0;0;   0;  0;  49;   0;2020;marzec; 3;wtorek;0,0000;0,0000;1,0000;  9; 0
Bahrain;2020-03-04;   52;  3; 0;0;   0;  0;  52;   3;2020;marzec; 4;środa;0,0000;0,0000;1,0000; 10; 0
Bahrain;2020-03-05;   55;  3; 0;0;   0;  0;  55;   3;2020;marzec; 5;czwartek;0,0000;0,0000;1,0000; 11; 0
Bahrain;2020-03-06;   60;  5; 0;0;   4;  4;  56;   1;2020;marzec; 6;piątek;0,0000;0,0667;0,9333; 12; 0
Bahrain;2020-03-07;   85; 25; 0;0;   4;  0;  81;  25;2020;marzec; 7;sobota;0,0000;0,0471;0,9529; 13; 0
Bahrain;2020-03-08;   85;  0; 0;0;   4;  0;  81;   0;2020;marzec; 8;niedziela;0,0000;0,0471;0,9529; 14; 0
Bahrain;2020-03-09;   95; 10; 0;0;  14; 10;  81;   0;2020;marzec; 9;poniedziałek;0,0000;0,1474;0,8526; 15; 0
Bahrain;2020-03-10;  110; 15; 0;0;  22;  8;  88;   7;2020;marzec;10;wtorek;0,0000;0,2000;0,8000; 16; 1
Bahrain;2020-03-11;  195; 85; 0;0;  35; 13; 160;  72;2020;marzec;11;środa;0,0000;0,1795;0,8205; 17; 2
Bahrain;2020-03-12;  195;  0; 0;0;  35;  0; 160;   0;2020;marzec;12;czwartek;0,0000;0,1795;0,8205; 18; 3
Bahrain;2020-03-13;  195;  0; 0;0;  44;  9; 151;  -9;2020;marzec;13;piątek;0,0000;0,2256;0,7744; 19; 4
Bahrain;2020-03-14;  210; 15; 0;0;  44;  0; 166;  15;2020;marzec;14;sobota;0,0000;0,2095;0,7905; 20; 5
Bahrain;2020-03-15;  214;  4; 0;0;  60; 16; 154; -12;2020;marzec;15;niedziela;0,0000;0,2804;0,7196; 21; 6
Bahrain;2020-03-16;  214;  0; 1;1;  77; 17; 136; -18;2020;marzec;16;poniedziałek;0,0047;0,3598;0,6355; 22; 7
Bahrain;2020-03-17;  228; 14; 1;0;  81;  4; 146;  10;2020;marzec;17;wtorek;0,0044;0,3553;0,6404; 23; 8
Bahrain;2020-03-18;  256; 28; 1;0;  88;  7; 167;  21;2020;marzec;18;środa;0,0039;0,3438;0,6523; 24; 9
Bahrain;2020-03-19;  278; 22; 1;0; 100; 12; 177;  10;2020;marzec;19;czwartek;0,0036;0,3597;0,6367; 25;10
Bahrain;2020-03-20;  285;  7; 1;0; 100;  0; 184;   7;2020;marzec;20;piątek;0,0035;0,3509;0,6456; 26;11
Bahrain;2020-03-21;  305; 20; 1;0; 125; 25; 179;  -5;2020;marzec;21;sobota;0,0033;0,4098;0,5869; 27;12
Bahrain;2020-03-22;  334; 29; 2;1; 149; 24; 183;   4;2020;marzec;22;niedziela;0,0060;0,4461;0,5479; 28;13
Bahrain;2020-03-23;  377; 43; 2;0; 149;  0; 226;  43;2020;marzec;23;poniedziałek;0,0053;0,3952;0,5995; 29;14
Bahrain;2020-03-24;  392; 15; 3;1; 177; 28; 212; -14;2020;marzec;24;wtorek;0,0077;0,4515;0,5408; 30;15
Bahrain;2020-03-25;  419; 27; 4;1; 177;  0; 238;  26;2020;marzec;25;środa;0,0095;0,4224;0,5680; 31;16
Bahrain;2020-03-26;  458; 39; 4;0; 204; 27; 250;  12;2020;marzec;26;czwartek;0,0087;0,4454;0,5459; 32;17
Bahrain;2020-03-27;  466;  8; 4;0; 227; 23; 235; -15;2020;marzec;27;piątek;0,0086;0,4871;0,5043; 33;18
Bahrain;2020-03-28;  476; 10; 4;0; 265; 38; 207; -28;2020;marzec;28;sobota;0,0084;0,5567;0,4349; 34;19
Bahrain;2020-03-29;  499; 23; 4;0; 272;  7; 223;  16;2020;marzec;29;niedziela;0,0080;0,5451;0,4469; 35;20
Bahrain;2020-03-30;  515; 16; 4;0; 279;  7; 232;   9;2020;marzec;30;poniedziałek;0,0078;0,5417;0,4505; 36;21
Bahrain;2020-03-31;  567; 52; 4;0; 295; 16; 268;  36;2020;marzec;31;wtorek;0,0071;0,5203;0,4727; 37;22
Bahrain;2020-04-01;  569;  2; 4;0; 337; 42; 228; -40;2020;kwiecień; 1;środa;0,0070;0,5923;0,4007; 38;23
Bahrain;2020-04-02;  643; 74; 4;0; 381; 44; 258;  30;2020;kwiecień; 2;czwartek;0,0062;0,5925;0,4012; 39;24
Bahrain;2020-04-03;  672; 29; 4;0; 382;  1; 286;  28;2020;kwiecień; 3;piątek;0,0060;0,5685;0,4256; 40;25
Bahrain;2020-04-04;  688; 16; 4;0; 423; 41; 261; -25;2020;kwiecień; 4;sobota;0,0058;0,6148;0,3794; 41;26
Bahrain;2020-04-05;  700; 12; 4;0; 431;  8; 265;   4;2020;kwiecień; 5;niedziela;0,0057;0,6157;0,3786; 42;27
Bahrain;2020-04-06;  756; 56; 4;0; 458; 27; 294;  29;2020;kwiecień; 6;poniedziałek;0,0053;0,6058;0,3889; 43;28
Bahrain;2020-04-07;  811; 55; 5;1; 458;  0; 348;  54;2020;kwiecień; 7;wtorek;0,0062;0,5647;0,4291; 44;29
Bahrain;2020-04-08;  823; 12; 5;0; 477; 19; 341;  -7;2020;kwiecień; 8;środa;0,0061;0,5796;0,4143; 45;30
Bahrain;2020-04-09;  887; 64; 5;0; 519; 42; 363;  22;2020;kwiecień; 9;czwartek;0,0056;0,5851;0,4092; 46;31
Bahrain;2020-04-10;  925; 38; 6;1; 539; 20; 380;  17;2020;kwiecień;10;piątek;0,0065;0,5827;0,4108; 47;32
Bahrain;2020-04-11; 1040;115; 6;0; 555; 16; 479;  99;2020;kwiecień;11;sobota;0,0058;0,5337;0,4606; 48;33
Bahrain;2020-04-12; 1136; 96; 6;0; 558;  3; 572;  93;2020;kwiecień;12;niedziela;0,0053;0,4912;0,5035; 49;34
Bahrain;2020-04-13; 1361;225; 6;0; 591; 33; 764; 192;2020;kwiecień;13;poniedziałek;0,0044;0,4342;0,5614; 50;35
Bahrain;2020-04-14; 1528;167; 7;1; 645; 54; 876; 112;2020;kwiecień;14;wtorek;0,0046;0,4221;0,5733; 51;36
Bahrain;2020-04-15; 1671;143; 7;0; 663; 18;1001; 125;2020;kwiecień;15;środa;0,0042;0,3968;0,5990; 52;37
Bahrain;2020-04-16; 1700; 29; 7;0; 703; 40; 990; -11;2020;kwiecień;16;czwartek;0,0041;0,4135;0,5824; 53;38
Bahrain;2020-04-17; 1740; 40; 7;0; 725; 22;1008;  18;2020;kwiecień;17;piątek;0,0040;0,4167;0,5793; 54;39
Bahrain;2020-04-18; 1773; 33; 7;0; 755; 30;1011;   3;2020;kwiecień;18;sobota;0,0039;0,4258;0,5702; 55;40
Bahrain;2020-04-19; 1881;108; 7;0; 759;  4;1115; 104;2020;kwiecień;19;niedziela;0,0037;0,4035;0,5928; 56;41
Bahrain;2020-04-20; 1907; 26; 7;0; 769; 10;1131;  16;2020;kwiecień;20;poniedziałek;0,0037;0,4033;0,5931; 57;42
Bahrain;2020-04-21; 1973; 66; 7;0; 784; 15;1182;  51;2020;kwiecień;21;wtorek;0,0035;0,3974;0,5991; 58;43
Bahrain;2020-04-22; 2027; 54; 7;0;1026;242; 994;-188;2020;kwiecień;22;środa;0,0035;0,5062;0,4904; 59;44
Bahrain;2020-04-23; 2217;190; 8;1;1082; 56;1127; 133;2020;kwiecień;23;czwartek;0,0036;0,4880;0,5083; 60;45
Bahrain;2020-04-24; 2518;301; 8;0;1113; 31;1397; 270;2020;kwiecień;24;piątek;0,0032;0,4420;0,5548; 61;46
Bahrain;2020-04-25; 2588; 70; 8;0;1160; 47;1420;  23;2020;kwiecień;25;sobota;0,0031;0,4482;0,5487; 62;47
Bahrain;2020-04-26; 2647; 59; 8;0;1189; 29;1450;  30;2020;kwiecień;26;niedziela;0,0030;0,4492;0,5478; 63;48
Bahrain;2020-04-27; 2723; 76; 8;0;1218; 29;1497;  47;2020;kwiecień;27;poniedziałek;0,0029;0,4473;0,5498; 64;49
Bahrain;2020-04-28; 2811; 88; 8;0;1310; 92;1493;  -4;2020;kwiecień;28;wtorek;0,0028;0,4660;0,5311; 65;50
Bahrain;2020-04-29; 2921;110; 8;0;1455;145;1458; -35;2020;kwiecień;29;środa;0,0027;0,4981;0,4991; 66;51
Bahrain;2020-04-30; 3040;119; 8;0;1500; 45;1532;  74;2020;kwiecień;30;czwartek;0,0026;0,4934;0,5039; 67;52
Bahrain;2020-05-01; 3170;130; 8;0;1555; 55;1607;  75;2020;maj; 1;piątek;0,0025;0,4905;0,5069; 68;53
Bahrain;2020-05-02; 3284;114; 8;0;1568; 13;1708; 101;2020;maj; 2;sobota;0,0024;0,4775;0,5201; 69;54
Bahrain;2020-05-03; 3383; 99; 8;0;1718;150;1657; -51;2020;maj; 3;niedziela;0,0024;0,5078;0,4898; 70;55
Bahrain;2020-05-04; 3533;150; 8;0;1744; 26;1781; 124;2020;maj; 4;poniedziałek;0,0023;0,4936;0,5041; 71;56
Bahrain;2020-05-05; 3720;187; 8;0;1762; 18;1950; 169;2020;maj; 5;wtorek;0,0022;0,4737;0,5242; 72;57
Bahrain;2020-05-06; 3934;214; 8;0;1860; 98;2066; 116;2020;maj; 6;środa;0,0020;0,4728;0,5252; 73;58
Bahrain;2020-05-07; 4199;265; 8;0;2000;140;2191; 125;2020;maj; 7;czwartek;0,0019;0,4763;0,5218; 74;59
Bahrain;2020-05-08; 4444;245; 8;0;2028; 28;2408; 217;2020;maj; 8;piątek;0,0018;0,4563;0,5419; 75;60
Bahrain;2020-05-09; 4774;330; 8;0;2055; 27;2711; 303;2020;maj; 9;sobota;0,0017;0,4305;0,5679; 76;61
Bahrain;2020-05-10; 4941;167; 8;0;2070; 15;2863; 152;2020;maj;10;niedziela;0,0016;0,4189;0,5794; 77;62
Bahrain;2020-05-11; 5236;295; 8;0;2152; 82;3076; 213;2020;maj;11;poniedziałek;0,0015;0,4110;0,5875; 78;63
Bahrain;2020-05-12; 5531;295; 9;1;2192; 40;3330; 254;2020;maj;12;wtorek;0,0016;0,3963;0,6021; 79;64
Bahrain;2020-05-13; 5816;285;10;1;2205; 13;3601; 271;2020;maj;13;środa;0,0017;0,3791;0,6192; 80;65
Bahrain;2020-05-14; 6198;382;10;0;2353;148;3835; 234;2020;maj;14;czwartek;0,0016;0,3796;0,6187; 81;66
Bahrain;2020-05-15; 6583;385;12;2;2640;287;3931;  96;2020;maj;15;piątek;0,0018;0,4010;0,5971; 82;67
Bahrain;2020-05-16; 6747;164;12;0;2762;122;3973;  42;2020;maj;16;sobota;0,0018;0,4094;0,5889; 83;68
Bahrain;2020-05-17; 6956;209;12;0;2910;148;4034;  61;2020;maj;17;niedziela;0,0017;0,4183;0,5799; 84;69
Bahrain;2020-05-18; 7184;228;12;0;2931; 21;4241; 207;2020;maj;18;poniedziałek;0,0017;0,4080;0,5903; 85;70
Bahrain;2020-05-19; 7532;348;12;0;2952; 21;4568; 327;2020;maj;19;wtorek;0,0016;0,3919;0,6065; 86;71
Bahrain;2020-05-20; 7888;356;12;0;3568;616;4308;-260;2020;maj;20;środa;0,0015;0,4523;0,5461; 87;72
Bahrain;2020-05-21; 8174;286;12;0;3873;305;4289; -19;2020;maj;21;czwartek;0,0015;0,4738;0,5247; 88;73
Bahrain;2020-05-22; 8414;240;12;0;4096;223;4306;  17;2020;maj;22;piątek;0,0014;0,4868;0,5118; 89;74
Bahrain;2020-05-23; 8802;388;13;1;4465;369;4324;  18;2020;maj;23;sobota;0,0015;0,5073;0,4913; 90;75
Bahrain;2020-05-24; 9138;336;14;1;4587;122;4537; 213;2020;maj;24;niedziela;0,0015;0,5020;0,4965; 91;76
Bahrain;2020-05-25; 9171; 33;14;0;4753;166;4404;-133;2020;maj;25;poniedziałek;0,0015;0,5183;0,4802; 92;77
Bahrain;2020-05-26; 9366;195;14;0;4938;185;4414;  10;2020;maj;26;wtorek;0,0015;0,5272;0,4713; 93;78
Bahrain;2020-05-27; 9692;326;15;1;5152;214;4525; 111;2020;maj;27;środa;0,0015;0,5316;0,4669; 94;79
Bahrain;2020-05-28;10052;360;15;0;5419;267;4618;  93;2020;maj;28;czwartek;0,0015;0,5391;0,4594; 95;80
Bahrain;2020-05-29;10449;397;15;0;5700;281;4734; 116;2020;maj;29;piątek;0,0014;0,5455;0,4531; 96;81
Bahrain;2020-05-30;10793;344;17;2;5826;126;4950; 216;2020;maj;30;sobota;0,0016;0,5398;0,4586; 97;82
Bahrain;2020-05-31;11398;605;19;2;6673;847;4706;-244;2020;maj;31;niedziela;0,0017;0,5855;0,4129; 98;83
Bahrain;2020-06-01;11871;473;19;0;7070;397;4782;  76;2020;czerwiec; 1;poniedziałek;0,0016;0,5956;0,4028; 99;84
Bahrain;2020-06-02;12311;440;19;0;7407;337;4885; 103;2020;czerwiec; 2;wtorek;0,0015;0,6017;0,3968;100;85
Bahrain;2020-06-03;12815;504;20;1;7410;  3;5385; 500;2020;czerwiec; 3;środa;0,0016;0,5782;0,4202;101;86
Bahrain;2020-06-04;13296;481;21;1;7728;318;5547; 162;2020;czerwiec; 4;czwartek;0,0016;0,5812;0,4172;102;87
Bahrain;2020-06-05;13835;539;22;1;8585;857;5228;-319;2020;czerwiec; 5;piątek;0,0016;0,6205;0,3779;103;88
