Country;Date;Confirmed;New_Confirmed;Deaths;New_Deaths;Recovered;New_Recovered;Active;New_Active;Year;Month;Day;Week_Day;Deaths_Ratio;Recovered_Ratio;Active_Ratio;Day_Since_1st_Confirmed;Day_Since_100st_Confirmed
Barbados;2020-03-17;  2; 2;0;0; 0;0; 2; 2;2020;marzec;17;wtorek;0,0000;0,0000;1,0000;  1;0
Barbados;2020-03-18;  2; 0;0;0; 0;0; 2; 0;2020;marzec;18;środa;0,0000;0,0000;1,0000;  2;0
Barbados;2020-03-19;  5; 3;0;0; 0;0; 5; 3;2020;marzec;19;czwartek;0,0000;0,0000;1,0000;  3;0
Barbados;2020-03-20;  5; 0;0;0; 0;0; 5; 0;2020;marzec;20;piątek;0,0000;0,0000;1,0000;  4;0
Barbados;2020-03-21;  6; 1;0;0; 0;0; 6; 1;2020;marzec;21;sobota;0,0000;0,0000;1,0000;  5;0
Barbados;2020-03-22; 14; 8;0;0; 0;0;14; 8;2020;marzec;22;niedziela;0,0000;0,0000;1,0000;  6;0
Barbados;2020-03-23; 17; 3;0;0; 0;0;17; 3;2020;marzec;23;poniedziałek;0,0000;0,0000;1,0000;  7;0
Barbados;2020-03-24; 18; 1;0;0; 0;0;18; 1;2020;marzec;24;wtorek;0,0000;0,0000;1,0000;  8;0
Barbados;2020-03-25; 18; 0;0;0; 0;0;18; 0;2020;marzec;25;środa;0,0000;0,0000;1,0000;  9;0
Barbados;2020-03-26; 18; 0;0;0; 0;0;18; 0;2020;marzec;26;czwartek;0,0000;0,0000;1,0000; 10;0
Barbados;2020-03-27; 24; 6;0;0; 0;0;24; 6;2020;marzec;27;piątek;0,0000;0,0000;1,0000; 11;0
Barbados;2020-03-28; 26; 2;0;0; 0;0;26; 2;2020;marzec;28;sobota;0,0000;0,0000;1,0000; 12;0
Barbados;2020-03-29; 33; 7;0;0; 0;0;33; 7;2020;marzec;29;niedziela;0,0000;0,0000;1,0000; 13;0
Barbados;2020-03-30; 33; 0;0;0; 0;0;33; 0;2020;marzec;30;poniedziałek;0,0000;0,0000;1,0000; 14;0
Barbados;2020-03-31; 34; 1;0;0; 0;0;34; 1;2020;marzec;31;wtorek;0,0000;0,0000;1,0000; 15;0
Barbados;2020-04-01; 34; 0;0;0; 0;0;34; 0;2020;kwiecień; 1;środa;0,0000;0,0000;1,0000; 16;0
Barbados;2020-04-02; 46;12;0;0; 0;0;46;12;2020;kwiecień; 2;czwartek;0,0000;0,0000;1,0000; 17;0
Barbados;2020-04-03; 51; 5;0;0; 0;0;51; 5;2020;kwiecień; 3;piątek;0,0000;0,0000;1,0000; 18;0
Barbados;2020-04-04; 52; 1;0;0; 0;0;52; 1;2020;kwiecień; 4;sobota;0,0000;0,0000;1,0000; 19;0
Barbados;2020-04-05; 56; 4;1;1; 6;6;49;-3;2020;kwiecień; 5;niedziela;0,0179;0,1071;0,8750; 20;0
Barbados;2020-04-06; 60; 4;2;1; 6;0;52; 3;2020;kwiecień; 6;poniedziałek;0,0333;0,1000;0,8667; 21;0
Barbados;2020-04-07; 63; 3;3;1; 6;0;54; 2;2020;kwiecień; 7;wtorek;0,0476;0,0952;0,8571; 22;0
Barbados;2020-04-08; 63; 0;3;0; 8;2;52;-2;2020;kwiecień; 8;środa;0,0476;0,1270;0,8254; 23;0
Barbados;2020-04-09; 66; 3;3;0;11;3;52; 0;2020;kwiecień; 9;czwartek;0,0455;0,1667;0,7879; 24;0
Barbados;2020-04-10; 67; 1;4;1;11;0;52; 0;2020;kwiecień;10;piątek;0,0597;0,1642;0,7761; 25;0
Barbados;2020-04-11; 68; 1;4;0;11;0;53; 1;2020;kwiecień;11;sobota;0,0588;0,1618;0,7794; 26;0
Barbados;2020-04-12; 71; 3;4;0;11;0;56; 3;2020;kwiecień;12;niedziela;0,0563;0,1549;0,7887; 27;0
Barbados;2020-04-13; 72; 1;4;0;13;2;55;-1;2020;kwiecień;13;poniedziałek;0,0556;0,1806;0,7639; 28;0
Barbados;2020-04-14; 72; 0;4;0;13;0;55; 0;2020;kwiecień;14;wtorek;0,0556;0,1806;0,7639; 29;0
Barbados;2020-04-15; 73; 1;5;1;15;2;53;-2;2020;kwiecień;15;środa;0,0685;0,2055;0,7260; 30;0
Barbados;2020-04-16; 75; 2;5;0;15;0;55; 2;2020;kwiecień;16;czwartek;0,0667;0,2000;0,7333; 31;0
Barbados;2020-04-17; 75; 0;5;0;15;0;55; 0;2020;kwiecień;17;piątek;0,0667;0,2000;0,7333; 32;0
Barbados;2020-04-18; 75; 0;5;0;17;2;53;-2;2020;kwiecień;18;sobota;0,0667;0,2267;0,7067; 33;0
Barbados;2020-04-19; 75; 0;5;0;17;0;53; 0;2020;kwiecień;19;niedziela;0,0667;0,2267;0,7067; 34;0
Barbados;2020-04-20; 75; 0;5;0;19;2;51;-2;2020;kwiecień;20;poniedziałek;0,0667;0,2533;0,6800; 35;0
Barbados;2020-04-21; 75; 0;5;0;25;6;45;-6;2020;kwiecień;21;wtorek;0,0667;0,3333;0,6000; 36;0
Barbados;2020-04-22; 75; 0;5;0;25;0;45; 0;2020;kwiecień;22;środa;0,0667;0,3333;0,6000; 37;0
Barbados;2020-04-23; 76; 1;6;1;30;5;40;-5;2020;kwiecień;23;czwartek;0,0789;0,3947;0,5263; 38;0
Barbados;2020-04-24; 77; 1;6;0;31;1;40; 0;2020;kwiecień;24;piątek;0,0779;0,4026;0,5195; 39;0
Barbados;2020-04-25; 79; 2;6;0;31;0;42; 2;2020;kwiecień;25;sobota;0,0759;0,3924;0,5316; 40;0
Barbados;2020-04-26; 79; 0;6;0;39;8;34;-8;2020;kwiecień;26;niedziela;0,0759;0,4937;0,4304; 41;0
Barbados;2020-04-27; 80; 1;6;0;39;0;35; 1;2020;kwiecień;27;poniedziałek;0,0750;0,4875;0,4375; 42;0
Barbados;2020-04-28; 80; 0;6;0;39;0;35; 0;2020;kwiecień;28;wtorek;0,0750;0,4875;0,4375; 43;0
Barbados;2020-04-29; 80; 0;7;1;39;0;34;-1;2020;kwiecień;29;środa;0,0875;0,4875;0,4250; 44;0
Barbados;2020-04-30; 81; 1;7;0;39;0;35; 1;2020;kwiecień;30;czwartek;0,0864;0,4815;0,4321; 45;0
Barbados;2020-05-01; 81; 0;7;0;39;0;35; 0;2020;maj; 1;piątek;0,0864;0,4815;0,4321; 46;0
Barbados;2020-05-02; 81; 0;7;0;44;5;30;-5;2020;maj; 2;sobota;0,0864;0,5432;0,3704; 47;0
Barbados;2020-05-03; 82; 1;7;0;44;0;31; 1;2020;maj; 3;niedziela;0,0854;0,5366;0,3780; 48;0
Barbados;2020-05-04; 82; 0;7;0;46;2;29;-2;2020;maj; 4;poniedziałek;0,0854;0,5610;0,3537; 49;0
Barbados;2020-05-05; 82; 0;7;0;47;1;28;-1;2020;maj; 5;wtorek;0,0854;0,5732;0,3415; 50;0
Barbados;2020-05-06; 82; 0;7;0;47;0;28; 0;2020;maj; 6;środa;0,0854;0,5732;0,3415; 51;0
Barbados;2020-05-07; 82; 0;7;0;53;6;22;-6;2020;maj; 7;czwartek;0,0854;0,6463;0,2683; 52;0
Barbados;2020-05-08; 83; 1;7;0;53;0;23; 1;2020;maj; 8;piątek;0,0843;0,6386;0,2771; 53;0
Barbados;2020-05-09; 84; 1;7;0;57;4;20;-3;2020;maj; 9;sobota;0,0833;0,6786;0,2381; 54;0
Barbados;2020-05-10; 84; 0;7;0;57;0;20; 0;2020;maj;10;niedziela;0,0833;0,6786;0,2381; 55;0
Barbados;2020-05-11; 84; 0;7;0;57;0;20; 0;2020;maj;11;poniedziałek;0,0833;0,6786;0,2381; 56;0
Barbados;2020-05-12; 85; 1;7;0;57;0;21; 1;2020;maj;12;wtorek;0,0824;0,6706;0,2471; 57;0
Barbados;2020-05-13; 85; 0;7;0;65;8;13;-8;2020;maj;13;środa;0,0824;0,7647;0,1529; 58;0
Barbados;2020-05-14; 85; 0;7;0;65;0;13; 0;2020;maj;14;czwartek;0,0824;0,7647;0,1529; 59;0
Barbados;2020-05-15; 85; 0;7;0;65;0;13; 0;2020;maj;15;piątek;0,0824;0,7647;0,1529; 60;0
Barbados;2020-05-16; 86; 1;7;0;67;2;12;-1;2020;maj;16;sobota;0,0814;0,7791;0,1395; 61;0
Barbados;2020-05-17; 88; 2;7;0;68;1;13; 1;2020;maj;17;niedziela;0,0795;0,7727;0,1477; 62;0
Barbados;2020-05-18; 88; 0;7;0;68;0;13; 0;2020;maj;18;poniedziałek;0,0795;0,7727;0,1477; 63;0
Barbados;2020-05-19; 90; 2;7;0;68;0;15; 2;2020;maj;19;wtorek;0,0778;0,7556;0,1667; 64;0
Barbados;2020-05-20; 90; 0;7;0;70;2;13;-2;2020;maj;20;środa;0,0778;0,7778;0,1444; 65;0
Barbados;2020-05-21; 90; 0;7;0;70;0;13; 0;2020;maj;21;czwartek;0,0778;0,7778;0,1444; 66;0
Barbados;2020-05-22; 90; 0;7;0;70;0;13; 0;2020;maj;22;piątek;0,0778;0,7778;0,1444; 67;0
Barbados;2020-05-23; 92; 2;7;0;70;0;15; 2;2020;maj;23;sobota;0,0761;0,7609;0,1630; 68;0
Barbados;2020-05-24; 92; 0;7;0;70;0;15; 0;2020;maj;24;niedziela;0,0761;0,7609;0,1630; 69;0
Barbados;2020-05-25; 92; 0;7;0;71;1;14;-1;2020;maj;25;poniedziałek;0,0761;0,7717;0,1522; 70;0
Barbados;2020-05-26; 92; 0;7;0;71;0;14; 0;2020;maj;26;wtorek;0,0761;0,7717;0,1522; 71;0
Barbados;2020-05-27; 92; 0;7;0;76;5; 9;-5;2020;maj;27;środa;0,0761;0,8261;0,0978; 72;0
Barbados;2020-05-28; 92; 0;7;0;76;0; 9; 0;2020;maj;28;czwartek;0,0761;0,8261;0,0978; 73;0
Barbados;2020-05-29; 92; 0;7;0;76;0; 9; 0;2020;maj;29;piątek;0,0761;0,8261;0,0978; 74;0
Barbados;2020-05-30; 92; 0;7;0;76;0; 9; 0;2020;maj;30;sobota;0,0761;0,8261;0,0978; 75;0
Barbados;2020-05-31; 92; 0;7;0;76;0; 9; 0;2020;maj;31;niedziela;0,0761;0,8261;0,0978; 76;0
Barbados;2020-06-01; 92; 0;7;0;76;0; 9; 0;2020;czerwiec; 1;poniedziałek;0,0761;0,8261;0,0978; 77;0
Barbados;2020-06-02; 92; 0;7;0;76;0; 9; 0;2020;czerwiec; 2;wtorek;0,0761;0,8261;0,0978; 78;0
Barbados;2020-06-03; 92; 0;7;0;81;5; 4;-5;2020;czerwiec; 3;środa;0,0761;0,8804;0,0435; 79;0
Barbados;2020-06-04; 92; 0;7;0;81;0; 4; 0;2020;czerwiec; 4;czwartek;0,0761;0,8804;0,0435; 80;0
Barbados;2020-06-05; 92; 0;7;0;81;0; 4; 0;2020;czerwiec; 5;piątek;0,0761;0,8804;0,0435; 81;0
Barbados;2020-06-06; 92; 0;7;0;81;0; 4; 0;2020;czerwiec; 6;sobota;0,0761;0,8804;0,0435; 82;0
Barbados;2020-06-07; 92; 0;7;0;81;0; 4; 0;2020;czerwiec; 7;niedziela;0,0761;0,8804;0,0435; 83;0
Barbados;2020-06-08; 92; 0;7;0;81;0; 4; 0;2020;czerwiec; 8;poniedziałek;0,0761;0,8804;0,0435; 84;0
Barbados;2020-06-09; 92; 0;7;0;81;0; 4; 0;2020;czerwiec; 9;wtorek;0,0761;0,8804;0,0435; 85;0
Barbados;2020-06-10; 96; 4;7;0;83;2; 6; 2;2020;czerwiec;10;środa;0,0729;0,8646;0,0625; 86;0
Barbados;2020-06-11; 96; 0;7;0;83;0; 6; 0;2020;czerwiec;11;czwartek;0,0729;0,8646;0,0625; 87;0
Barbados;2020-06-12; 96; 0;7;0;83;0; 6; 0;2020;czerwiec;12;piątek;0,0729;0,8646;0,0625; 88;0
Barbados;2020-06-13; 96; 0;7;0;83;0; 6; 0;2020;czerwiec;13;sobota;0,0729;0,8646;0,0625; 89;0
Barbados;2020-06-14; 96; 0;7;0;83;0; 6; 0;2020;czerwiec;14;niedziela;0,0729;0,8646;0,0625; 90;0
Barbados;2020-06-15; 97; 1;7;0;83;0; 7; 1;2020;czerwiec;15;poniedziałek;0,0722;0,8557;0,0722; 91;0
Barbados;2020-06-16; 97; 0;7;0;83;0; 7; 0;2020;czerwiec;16;wtorek;0,0722;0,8557;0,0722; 92;0
Barbados;2020-06-17; 97; 0;7;0;85;2; 5;-2;2020;czerwiec;17;środa;0,0722;0,8763;0,0515; 93;0
Barbados;2020-06-18; 97; 0;7;0;85;0; 5; 0;2020;czerwiec;18;czwartek;0,0722;0,8763;0,0515; 94;0
Barbados;2020-06-19; 97; 0;7;0;85;0; 5; 0;2020;czerwiec;19;piątek;0,0722;0,8763;0,0515; 95;0
Barbados;2020-06-20; 97; 0;7;0;85;0; 5; 0;2020;czerwiec;20;sobota;0,0722;0,8763;0,0515; 96;0
Barbados;2020-06-21; 97; 0;7;0;85;0; 5; 0;2020;czerwiec;21;niedziela;0,0722;0,8763;0,0515; 97;0
Barbados;2020-06-22; 97; 0;7;0;85;0; 5; 0;2020;czerwiec;22;poniedziałek;0,0722;0,8763;0,0515; 98;0
Barbados;2020-06-23; 97; 0;7;0;85;0; 5; 0;2020;czerwiec;23;wtorek;0,0722;0,8763;0,0515; 99;0
Barbados;2020-06-24; 97; 0;7;0;85;0; 5; 0;2020;czerwiec;24;środa;0,0722;0,8763;0,0515;100;0
Barbados;2020-06-25; 97; 0;7;0;85;0; 5; 0;2020;czerwiec;25;czwartek;0,0722;0,8763;0,0515;101;0
Barbados;2020-06-26; 97; 0;7;0;90;5; 0;-5;2020;czerwiec;26;piątek;0,0722;0,9278;0,0000;102;0
Barbados;2020-06-27; 97; 0;7;0;90;0; 0; 0;2020;czerwiec;27;sobota;0,0722;0,9278;0,0000;103;0
Barbados;2020-06-28; 97; 0;7;0;90;0; 0; 0;2020;czerwiec;28;niedziela;0,0722;0,9278;0,0000;104;0
Barbados;2020-06-29; 97; 0;7;0;90;0; 0; 0;2020;czerwiec;29;poniedziałek;0,0722;0,9278;0,0000;105;0
Barbados;2020-06-30; 97; 0;7;0;90;0; 0; 0;2020;czerwiec;30;wtorek;0,0722;0,9278;0,0000;106;0
Barbados;2020-07-01; 97; 0;7;0;90;0; 0; 0;2020;lipiec; 1;środa;0,0722;0,9278;0,0000;107;0
Barbados;2020-07-02; 97; 0;7;0;90;0; 0; 0;2020;lipiec; 2;czwartek;0,0722;0,9278;0,0000;108;0
Barbados;2020-07-03; 97; 0;7;0;90;0; 0; 0;2020;lipiec; 3;piątek;0,0722;0,9278;0,0000;109;0
Barbados;2020-07-04; 97; 0;7;0;90;0; 0; 0;2020;lipiec; 4;sobota;0,0722;0,9278;0,0000;110;0
Barbados;2020-07-05; 98; 1;7;0;90;0; 1; 1;2020;lipiec; 5;niedziela;0,0714;0,9184;0,0102;111;0
Barbados;2020-07-06; 98; 0;7;0;90;0; 1; 0;2020;lipiec; 6;poniedziałek;0,0714;0,9184;0,0102;112;0
Barbados;2020-07-07; 98; 0;7;0;90;0; 1; 0;2020;lipiec; 7;wtorek;0,0714;0,9184;0,0102;113;0
Barbados;2020-07-08; 98; 0;7;0;90;0; 1; 0;2020;lipiec; 8;środa;0,0714;0,9184;0,0102;114;0
Barbados;2020-07-09; 98; 0;7;0;90;0; 1; 0;2020;lipiec; 9;czwartek;0,0714;0,9184;0,0102;115;0
Barbados;2020-07-10; 98; 0;7;0;90;0; 1; 0;2020;lipiec;10;piątek;0,0714;0,9184;0,0102;116;0
Barbados;2020-07-11;103; 5;7;0;90;0; 6; 5;2020;lipiec;11;sobota;0,0680;0,8738;0,0583;117;1
Barbados;2020-07-12;103; 0;7;0;90;0; 6; 0;2020;lipiec;12;niedziela;0,0680;0,8738;0,0583;118;2
Barbados;2020-07-13;103; 0;7;0;90;0; 6; 0;2020;lipiec;13;poniedziałek;0,0680;0,8738;0,0583;119;3
Barbados;2020-07-14;103; 0;7;0;90;0; 6; 0;2020;lipiec;14;wtorek;0,0680;0,8738;0,0583;120;4
