Country;Date;Confirmed;New_Confirmed;Deaths;New_Deaths;Recovered;New_Recovered;Active;New_Active;Year;Month;Day;Week_Day;Deaths_Ratio;Recovered_Ratio;Active_Ratio;Day_Since_1st_Confirmed;Day_Since_100st_Confirmed
Benin;2020-03-16;   1;   1; 0;0;  0;  0;  1;   1;2020;marzec;16;poniedziałek;0,0000;0,0000;1,0000;  1; 0
Benin;2020-03-17;   1;   0; 0;0;  0;  0;  1;   0;2020;marzec;17;wtorek;0,0000;0,0000;1,0000;  2; 0
Benin;2020-03-18;   2;   1; 0;0;  0;  0;  2;   1;2020;marzec;18;środa;0,0000;0,0000;1,0000;  3; 0
Benin;2020-03-19;   2;   0; 0;0;  0;  0;  2;   0;2020;marzec;19;czwartek;0,0000;0,0000;1,0000;  4; 0
Benin;2020-03-20;   2;   0; 0;0;  0;  0;  2;   0;2020;marzec;20;piątek;0,0000;0,0000;1,0000;  5; 0
Benin;2020-03-21;   2;   0; 0;0;  0;  0;  2;   0;2020;marzec;21;sobota;0,0000;0,0000;1,0000;  6; 0
Benin;2020-03-22;   2;   0; 0;0;  0;  0;  2;   0;2020;marzec;22;niedziela;0,0000;0,0000;1,0000;  7; 0
Benin;2020-03-23;   5;   3; 0;0;  0;  0;  5;   3;2020;marzec;23;poniedziałek;0,0000;0,0000;1,0000;  8; 0
Benin;2020-03-24;   6;   1; 0;0;  0;  0;  6;   1;2020;marzec;24;wtorek;0,0000;0,0000;1,0000;  9; 0
Benin;2020-03-25;   6;   0; 0;0;  0;  0;  6;   0;2020;marzec;25;środa;0,0000;0,0000;1,0000; 10; 0
Benin;2020-03-26;   6;   0; 0;0;  0;  0;  6;   0;2020;marzec;26;czwartek;0,0000;0,0000;1,0000; 11; 0
Benin;2020-03-27;   6;   0; 0;0;  0;  0;  6;   0;2020;marzec;27;piątek;0,0000;0,0000;1,0000; 12; 0
Benin;2020-03-28;   6;   0; 0;0;  0;  0;  6;   0;2020;marzec;28;sobota;0,0000;0,0000;1,0000; 13; 0
Benin;2020-03-29;   6;   0; 0;0;  0;  0;  6;   0;2020;marzec;29;niedziela;0,0000;0,0000;1,0000; 14; 0
Benin;2020-03-30;   6;   0; 0;0;  0;  0;  6;   0;2020;marzec;30;poniedziałek;0,0000;0,0000;1,0000; 15; 0
Benin;2020-03-31;   9;   3; 0;0;  1;  1;  8;   2;2020;marzec;31;wtorek;0,0000;0,1111;0,8889; 16; 0
Benin;2020-04-01;  13;   4; 0;0;  1;  0; 12;   4;2020;kwiecień; 1;środa;0,0000;0,0769;0,9231; 17; 0
Benin;2020-04-02;  13;   0; 0;0;  1;  0; 12;   0;2020;kwiecień; 2;czwartek;0,0000;0,0769;0,9231; 18; 0
Benin;2020-04-03;  16;   3; 0;0;  2;  1; 14;   2;2020;kwiecień; 3;piątek;0,0000;0,1250;0,8750; 19; 0
Benin;2020-04-04;  16;   0; 0;0;  2;  0; 14;   0;2020;kwiecień; 4;sobota;0,0000;0,1250;0,8750; 20; 0
Benin;2020-04-05;  22;   6; 0;0;  5;  3; 17;   3;2020;kwiecień; 5;niedziela;0,0000;0,2273;0,7727; 21; 0
Benin;2020-04-06;  26;   4; 1;1;  5;  0; 20;   3;2020;kwiecień; 6;poniedziałek;0,0385;0,1923;0,7692; 22; 0
Benin;2020-04-07;  26;   0; 1;0;  5;  0; 20;   0;2020;kwiecień; 7;wtorek;0,0385;0,1923;0,7692; 23; 0
Benin;2020-04-08;  26;   0; 1;0;  5;  0; 20;   0;2020;kwiecień; 8;środa;0,0385;0,1923;0,7692; 24; 0
Benin;2020-04-09;  26;   0; 1;0;  5;  0; 20;   0;2020;kwiecień; 9;czwartek;0,0385;0,1923;0,7692; 25; 0
Benin;2020-04-10;  35;   9; 1;0;  5;  0; 29;   9;2020;kwiecień;10;piątek;0,0286;0,1429;0,8286; 26; 0
Benin;2020-04-11;  35;   0; 1;0;  5;  0; 29;   0;2020;kwiecień;11;sobota;0,0286;0,1429;0,8286; 27; 0
Benin;2020-04-12;  35;   0; 1;0;  5;  0; 29;   0;2020;kwiecień;12;niedziela;0,0286;0,1429;0,8286; 28; 0
Benin;2020-04-13;  35;   0; 1;0;  5;  0; 29;   0;2020;kwiecień;13;poniedziałek;0,0286;0,1429;0,8286; 29; 0
Benin;2020-04-14;  35;   0; 1;0; 18; 13; 16; -13;2020;kwiecień;14;wtorek;0,0286;0,5143;0,4571; 30; 0
Benin;2020-04-15;  35;   0; 1;0; 18;  0; 16;   0;2020;kwiecień;15;środa;0,0286;0,5143;0,4571; 31; 0
Benin;2020-04-16;  35;   0; 1;0; 18;  0; 16;   0;2020;kwiecień;16;czwartek;0,0286;0,5143;0,4571; 32; 0
Benin;2020-04-17;  35;   0; 1;0; 18;  0; 16;   0;2020;kwiecień;17;piątek;0,0286;0,5143;0,4571; 33; 0
Benin;2020-04-18;  35;   0; 1;0; 18;  0; 16;   0;2020;kwiecień;18;sobota;0,0286;0,5143;0,4571; 34; 0
Benin;2020-04-19;  35;   0; 1;0; 18;  0; 16;   0;2020;kwiecień;19;niedziela;0,0286;0,5143;0,4571; 35; 0
Benin;2020-04-20;  54;  19; 1;0; 27;  9; 26;  10;2020;kwiecień;20;poniedziałek;0,0185;0,5000;0,4815; 36; 0
Benin;2020-04-21;  54;   0; 1;0; 27;  0; 26;   0;2020;kwiecień;21;wtorek;0,0185;0,5000;0,4815; 37; 0
Benin;2020-04-22;  54;   0; 1;0; 27;  0; 26;   0;2020;kwiecień;22;środa;0,0185;0,5000;0,4815; 38; 0
Benin;2020-04-23;  54;   0; 1;0; 27;  0; 26;   0;2020;kwiecień;23;czwartek;0,0185;0,5000;0,4815; 39; 0
Benin;2020-04-24;  54;   0; 1;0; 27;  0; 26;   0;2020;kwiecień;24;piątek;0,0185;0,5000;0,4815; 40; 0
Benin;2020-04-25;  54;   0; 1;0; 27;  0; 26;   0;2020;kwiecień;25;sobota;0,0185;0,5000;0,4815; 41; 0
Benin;2020-04-26;  64;  10; 1;0; 33;  6; 30;   4;2020;kwiecień;26;niedziela;0,0156;0,5156;0,4688; 42; 0
Benin;2020-04-27;  64;   0; 1;0; 33;  0; 30;   0;2020;kwiecień;27;poniedziałek;0,0156;0,5156;0,4688; 43; 0
Benin;2020-04-28;  64;   0; 1;0; 33;  0; 30;   0;2020;kwiecień;28;wtorek;0,0156;0,5156;0,4688; 44; 0
Benin;2020-04-29;  64;   0; 1;0; 33;  0; 30;   0;2020;kwiecień;29;środa;0,0156;0,5156;0,4688; 45; 0
Benin;2020-04-30;  64;   0; 1;0; 33;  0; 30;   0;2020;kwiecień;30;czwartek;0,0156;0,5156;0,4688; 46; 0
Benin;2020-05-01;  90;  26; 2;1; 42;  9; 46;  16;2020;maj; 1;piątek;0,0222;0,4667;0,5111; 47; 0
Benin;2020-05-02;  90;   0; 2;0; 42;  0; 46;   0;2020;maj; 2;sobota;0,0222;0,4667;0,5111; 48; 0
Benin;2020-05-03;  90;   0; 2;0; 42;  0; 46;   0;2020;maj; 3;niedziela;0,0222;0,4667;0,5111; 49; 0
Benin;2020-05-04;  96;   6; 2;0; 50;  8; 44;  -2;2020;maj; 4;poniedziałek;0,0208;0,5208;0,4583; 50; 0
Benin;2020-05-05;  96;   0; 2;0; 50;  0; 44;   0;2020;maj; 5;wtorek;0,0208;0,5208;0,4583; 51; 0
Benin;2020-05-06;  96;   0; 2;0; 50;  0; 44;   0;2020;maj; 6;środa;0,0208;0,5208;0,4583; 52; 0
Benin;2020-05-07; 140;  44; 2;0; 53;  3; 85;  41;2020;maj; 7;czwartek;0,0143;0,3786;0,6071; 53; 1
Benin;2020-05-08; 242; 102; 2;0; 62;  9;178;  93;2020;maj; 8;piątek;0,0083;0,2562;0,7355; 54; 2
Benin;2020-05-09; 284;  42; 2;0; 62;  0;220;  42;2020;maj; 9;sobota;0,0070;0,2183;0,7746; 55; 3
Benin;2020-05-10; 319;  35; 2;0; 62;  0;255;  35;2020;maj;10;niedziela;0,0063;0,1944;0,7994; 56; 4
Benin;2020-05-11; 319;   0; 2;0; 62;  0;255;   0;2020;maj;11;poniedziałek;0,0063;0,1944;0,7994; 57; 5
Benin;2020-05-12; 327;   8; 2;0; 76; 14;249;  -6;2020;maj;12;wtorek;0,0061;0,2324;0,7615; 58; 6
Benin;2020-05-13; 327;   0; 2;0; 83;  7;242;  -7;2020;maj;13;środa;0,0061;0,2538;0,7401; 59; 7
Benin;2020-05-14; 339;  12; 2;0; 83;  0;254;  12;2020;maj;14;czwartek;0,0059;0,2448;0,7493; 60; 8
Benin;2020-05-15; 339;   0; 2;0; 83;  0;254;   0;2020;maj;15;piątek;0,0059;0,2448;0,7493; 61; 9
Benin;2020-05-16; 339;   0; 2;0; 83;  0;254;   0;2020;maj;16;sobota;0,0059;0,2448;0,7493; 62;10
Benin;2020-05-17; 339;   0; 2;0; 83;  0;254;   0;2020;maj;17;niedziela;0,0059;0,2448;0,7493; 63;11
Benin;2020-05-18; 339;   0; 2;0; 83;  0;254;   0;2020;maj;18;poniedziałek;0,0059;0,2448;0,7493; 64;12
Benin;2020-05-19; 130;-209; 2;0; 83;  0; 45;-209;2020;maj;19;wtorek;0,0154;0,6385;0,3462; 65;13
Benin;2020-05-20; 130;   0; 2;0; 57;-26; 71;  26;2020;maj;20;środa;0,0154;0,4385;0,5462; 66;14
Benin;2020-05-21; 135;   5; 3;1; 61;  4; 71;   0;2020;maj;21;czwartek;0,0222;0,4519;0,5259; 67;15
Benin;2020-05-22; 135;   0; 3;0; 61;  0; 71;   0;2020;maj;22;piątek;0,0222;0,4519;0,5259; 68;16
Benin;2020-05-23; 135;   0; 3;0; 61;  0; 71;   0;2020;maj;23;sobota;0,0222;0,4519;0,5259; 69;17
Benin;2020-05-24; 191;  56; 3;0; 82; 21;106;  35;2020;maj;24;niedziela;0,0157;0,4293;0,5550; 70;18
Benin;2020-05-25; 191;   0; 3;0; 84;  2;104;  -2;2020;maj;25;poniedziałek;0,0157;0,4398;0,5445; 71;19
Benin;2020-05-26; 208;  17; 3;0;118; 34; 87; -17;2020;maj;26;wtorek;0,0144;0,5673;0,4183; 72;20
Benin;2020-05-27; 210;   2; 3;0;134; 16; 73; -14;2020;maj;27;środa;0,0143;0,6381;0,3476; 73;21
Benin;2020-05-28; 210;   0; 3;0;134;  0; 73;   0;2020;maj;28;czwartek;0,0143;0,6381;0,3476; 74;22
Benin;2020-05-29; 224;  14; 3;0;136;  2; 85;  12;2020;maj;29;piątek;0,0134;0,6071;0,3795; 75;23
Benin;2020-05-30; 224;   0; 3;0;136;  0; 85;   0;2020;maj;30;sobota;0,0134;0,6071;0,3795; 76;24
Benin;2020-05-31; 232;   8; 3;0;143;  7; 86;   1;2020;maj;31;niedziela;0,0129;0,6164;0,3707; 77;25
Benin;2020-06-01; 243;  11; 3;0;147;  4; 93;   7;2020;czerwiec; 1;poniedziałek;0,0123;0,6049;0,3827; 78;26
Benin;2020-06-02; 244;   1; 3;0;148;  1; 93;   0;2020;czerwiec; 2;wtorek;0,0123;0,6066;0,3811; 79;27
Benin;2020-06-03; 244;   0; 3;0;148;  0; 93;   0;2020;czerwiec; 3;środa;0,0123;0,6066;0,3811; 80;28
Benin;2020-06-04; 261;  17; 3;0;151;  3;107;  14;2020;czerwiec; 4;czwartek;0,0115;0,5785;0,4100; 81;29
Benin;2020-06-05; 261;   0; 3;0;151;  0;107;   0;2020;czerwiec; 5;piątek;0,0115;0,5785;0,4100; 82;30
Benin;2020-06-06; 261;   0; 3;0;151;  0;107;   0;2020;czerwiec; 6;sobota;0,0115;0,5785;0,4100; 83;31
Benin;2020-06-07; 261;   0; 3;0;151;  0;107;   0;2020;czerwiec; 7;niedziela;0,0115;0,5785;0,4100; 84;32
Benin;2020-06-08; 288;  27; 4;1;186; 35; 98;  -9;2020;czerwiec; 8;poniedziałek;0,0139;0,6458;0,3403; 85;33
Benin;2020-06-09; 305;  17; 4;0;188;  2;113;  15;2020;czerwiec; 9;wtorek;0,0131;0,6164;0,3705; 86;34
Benin;2020-06-10; 305;   0; 4;0;188;  0;113;   0;2020;czerwiec;10;środa;0,0131;0,6164;0,3705; 87;35
Benin;2020-06-11; 305;   0; 4;0;188;  0;113;   0;2020;czerwiec;11;czwartek;0,0131;0,6164;0,3705; 88;36
Benin;2020-06-12; 388;  83; 5;1;217; 29;166;  53;2020;czerwiec;12;piątek;0,0129;0,5593;0,4278; 89;37
Benin;2020-06-13; 412;  24; 6;1;222;  5;184;  18;2020;czerwiec;13;sobota;0,0146;0,5388;0,4466; 90;38
Benin;2020-06-14; 442;  30; 6;0;228;  6;208;  24;2020;czerwiec;14;niedziela;0,0136;0,5158;0,4706; 91;39
Benin;2020-06-15; 483;  41; 9;3;232;  4;242;  34;2020;czerwiec;15;poniedziałek;0,0186;0,4803;0,5010; 92;40
Benin;2020-06-16; 532;  49; 9;0;236;  4;287;  45;2020;czerwiec;16;wtorek;0,0169;0,4436;0,5395; 93;41
Benin;2020-06-17; 572;  40; 9;0;237;  1;326;  39;2020;czerwiec;17;środa;0,0157;0,4143;0,5699; 94;42
Benin;2020-06-18; 597;  25;11;2;238;  1;348;  22;2020;czerwiec;18;czwartek;0,0184;0,3987;0,5829; 95;43
Benin;2020-06-19; 650;  53;11;0;247;  9;392;  44;2020;czerwiec;19;piątek;0,0169;0,3800;0,6031; 96;44
Benin;2020-06-20; 650;   0;11;0;247;  0;392;   0;2020;czerwiec;20;sobota;0,0169;0,3800;0,6031; 97;45
Benin;2020-06-21; 765; 115;13;2;253;  6;499; 107;2020;czerwiec;21;niedziela;0,0170;0,3307;0,6523; 98;46
Benin;2020-06-22; 807;  42;13;0;253;  0;541;  42;2020;czerwiec;22;poniedziałek;0,0161;0,3135;0,6704; 99;47
Benin;2020-06-23; 850;  43;13;0;272; 19;565;  24;2020;czerwiec;23;wtorek;0,0153;0,3200;0,6647;100;48
Benin;2020-06-24; 902;  52;13;0;277;  5;612;  47;2020;czerwiec;24;środa;0,0144;0,3071;0,6785;101;49
Benin;2020-06-25;1017; 115;14;1;288; 11;715; 103;2020;czerwiec;25;czwartek;0,0138;0,2832;0,7030;102;50
Benin;2020-06-26;1053;  36;14;0;292;  4;747;  32;2020;czerwiec;26;piątek;0,0133;0,2773;0,7094;103;51
Benin;2020-06-27;1124;  71;14;0;295;  3;815;  68;2020;czerwiec;27;sobota;0,0125;0,2625;0,7251;104;52
Benin;2020-06-28;1149;  25;16;2;306; 11;827;  12;2020;czerwiec;28;niedziela;0,0139;0,2663;0,7198;105;53
Benin;2020-06-29;1187;  38;19;3;323; 17;845;  18;2020;czerwiec;29;poniedziałek;0,0160;0,2721;0,7119;106;54
Benin;2020-06-30;1199;  12;21;2;333; 10;845;   0;2020;czerwiec;30;wtorek;0,0175;0,2777;0,7048;107;55
Benin;2020-07-01;1199;   0;21;0;333;  0;845;   0;2020;lipiec; 1;środa;0,0175;0,2777;0,7048;108;56
Benin;2020-07-02;1199;   0;21;0;333;  0;845;   0;2020;lipiec; 2;czwartek;0,0175;0,2777;0,7048;109;57
Benin;2020-07-03;1199;   0;21;0;333;  0;845;   0;2020;lipiec; 3;piątek;0,0175;0,2777;0,7048;110;58
Benin;2020-07-04;1199;   0;21;0;333;  0;845;   0;2020;lipiec; 4;sobota;0,0175;0,2777;0,7048;111;59
Benin;2020-07-05;1199;   0;21;0;333;  0;845;   0;2020;lipiec; 5;niedziela;0,0175;0,2777;0,7048;112;60
Benin;2020-07-06;1199;   0;21;0;333;  0;845;   0;2020;lipiec; 6;poniedziałek;0,0175;0,2777;0,7048;113;61
Benin;2020-07-07;1199;   0;21;0;333;  0;845;   0;2020;lipiec; 7;wtorek;0,0175;0,2777;0,7048;114;62
Benin;2020-07-08;1199;   0;21;0;333;  0;845;   0;2020;lipiec; 8;środa;0,0175;0,2777;0,7048;115;63
Benin;2020-07-09;1285;  86;23;2;333;  0;929;  84;2020;lipiec; 9;czwartek;0,0179;0,2591;0,7230;116;64
Benin;2020-07-10;1285;   0;23;0;333;  0;929;   0;2020;lipiec;10;piątek;0,0179;0,2591;0,7230;117;65
Benin;2020-07-11;1378;  93;26;3;557;224;795;-134;2020;lipiec;11;sobota;0,0189;0,4042;0,5769;118;66
Benin;2020-07-12;1378;   0;26;0;557;  0;795;   0;2020;lipiec;12;niedziela;0,0189;0,4042;0,5769;119;67
Benin;2020-07-13;1378;   0;26;0;557;  0;795;   0;2020;lipiec;13;poniedziałek;0,0189;0,4042;0,5769;120;68
Benin;2020-07-14;1378;   0;26;0;557;  0;795;   0;2020;lipiec;14;wtorek;0,0189;0,4042;0,5769;121;69
