Country;Date;Confirmed;New_Confirmed;Deaths;New_Deaths;Recovered;New_Recovered;Active;New_Active;Year;Month;Day;Week_Day;Deaths_Ratio;Recovered_Ratio;Active_Ratio;Day_Since_1st_Confirmed;Day_Since_100st_Confirmed
Bolivia;2020-03-11;    2;   2;   0; 0;    0;  0;    2;   2;2020;marzec;11;środa;0,0000;0,0000;1,0000;  1;  0
Bolivia;2020-03-12;    2;   0;   0; 0;    0;  0;    2;   0;2020;marzec;12;czwartek;0,0000;0,0000;1,0000;  2;  0
Bolivia;2020-03-13;    3;   1;   0; 0;    0;  0;    3;   1;2020;marzec;13;piątek;0,0000;0,0000;1,0000;  3;  0
Bolivia;2020-03-14;   10;   7;   0; 0;    0;  0;   10;   7;2020;marzec;14;sobota;0,0000;0,0000;1,0000;  4;  0
Bolivia;2020-03-15;   10;   0;   0; 0;    0;  0;   10;   0;2020;marzec;15;niedziela;0,0000;0,0000;1,0000;  5;  0
Bolivia;2020-03-16;   11;   1;   0; 0;    0;  0;   11;   1;2020;marzec;16;poniedziałek;0,0000;0,0000;1,0000;  6;  0
Bolivia;2020-03-17;   11;   0;   0; 0;    0;  0;   11;   0;2020;marzec;17;wtorek;0,0000;0,0000;1,0000;  7;  0
Bolivia;2020-03-18;   12;   1;   0; 0;    0;  0;   12;   1;2020;marzec;18;środa;0,0000;0,0000;1,0000;  8;  0
Bolivia;2020-03-19;   12;   0;   0; 0;    0;  0;   12;   0;2020;marzec;19;czwartek;0,0000;0,0000;1,0000;  9;  0
Bolivia;2020-03-20;   15;   3;   0; 0;    0;  0;   15;   3;2020;marzec;20;piątek;0,0000;0,0000;1,0000; 10;  0
Bolivia;2020-03-21;   19;   4;   0; 0;    0;  0;   19;   4;2020;marzec;21;sobota;0,0000;0,0000;1,0000; 11;  0
Bolivia;2020-03-22;   24;   5;   0; 0;    0;  0;   24;   5;2020;marzec;22;niedziela;0,0000;0,0000;1,0000; 12;  0
Bolivia;2020-03-23;   27;   3;   0; 0;    0;  0;   27;   3;2020;marzec;23;poniedziałek;0,0000;0,0000;1,0000; 13;  0
Bolivia;2020-03-24;   29;   2;   0; 0;    0;  0;   29;   2;2020;marzec;24;wtorek;0,0000;0,0000;1,0000; 14;  0
Bolivia;2020-03-25;   32;   3;   0; 0;    0;  0;   32;   3;2020;marzec;25;środa;0,0000;0,0000;1,0000; 15;  0
Bolivia;2020-03-26;   43;  11;   0; 0;    0;  0;   43;  11;2020;marzec;26;czwartek;0,0000;0,0000;1,0000; 16;  0
Bolivia;2020-03-27;   61;  18;   0; 0;    0;  0;   61;  18;2020;marzec;27;piątek;0,0000;0,0000;1,0000; 17;  0
Bolivia;2020-03-28;   74;  13;   0; 0;    0;  0;   74;  13;2020;marzec;28;sobota;0,0000;0,0000;1,0000; 18;  0
Bolivia;2020-03-29;   81;   7;   1; 1;    0;  0;   80;   6;2020;marzec;29;niedziela;0,0123;0,0000;0,9877; 19;  0
Bolivia;2020-03-30;   97;  16;   4; 3;    0;  0;   93;  13;2020;marzec;30;poniedziałek;0,0412;0,0000;0,9588; 20;  0
Bolivia;2020-03-31;  107;  10;   6; 2;    0;  0;  101;   8;2020;marzec;31;wtorek;0,0561;0,0000;0,9439; 21;  1
Bolivia;2020-04-01;  115;   8;   7; 1;    1;  1;  107;   6;2020;kwiecień; 1;środa;0,0609;0,0087;0,9304; 22;  2
Bolivia;2020-04-02;  123;   8;   8; 1;    1;  0;  114;   7;2020;kwiecień; 2;czwartek;0,0650;0,0081;0,9268; 23;  3
Bolivia;2020-04-03;  132;   9;   9; 1;    1;  0;  122;   8;2020;kwiecień; 3;piątek;0,0682;0,0076;0,9242; 24;  4
Bolivia;2020-04-04;  139;   7;  10; 1;    1;  0;  128;   6;2020;kwiecień; 4;sobota;0,0719;0,0072;0,9209; 25;  5
Bolivia;2020-04-05;  157;  18;  10; 0;    2;  1;  145;  17;2020;kwiecień; 5;niedziela;0,0637;0,0127;0,9236; 26;  6
Bolivia;2020-04-06;  183;  26;  11; 1;    2;  0;  170;  25;2020;kwiecień; 6;poniedziałek;0,0601;0,0109;0,9290; 27;  7
Bolivia;2020-04-07;  194;  11;  14; 3;    2;  0;  178;   8;2020;kwiecień; 7;wtorek;0,0722;0,0103;0,9175; 28;  8
Bolivia;2020-04-08;  210;  16;  15; 1;    2;  0;  193;  15;2020;kwiecień; 8;środa;0,0714;0,0095;0,9190; 29;  9
Bolivia;2020-04-09;  264;  54;  18; 3;    2;  0;  244;  51;2020;kwiecień; 9;czwartek;0,0682;0,0076;0,9242; 30; 10
Bolivia;2020-04-10;  268;   4;  19; 1;    2;  0;  247;   3;2020;kwiecień;10;piątek;0,0709;0,0075;0,9216; 31; 11
Bolivia;2020-04-11;  275;   7;  20; 1;    2;  0;  253;   6;2020;kwiecień;11;sobota;0,0727;0,0073;0,9200; 32; 12
Bolivia;2020-04-12;  300;  25;  24; 4;    2;  0;  274;  21;2020;kwiecień;12;niedziela;0,0800;0,0067;0,9133; 33; 13
Bolivia;2020-04-13;  330;  30;  27; 3;    2;  0;  301;  27;2020;kwiecień;13;poniedziałek;0,0818;0,0061;0,9121; 34; 14
Bolivia;2020-04-14;  354;  24;  28; 1;    6;  4;  320;  19;2020;kwiecień;14;wtorek;0,0791;0,0169;0,9040; 35; 15
Bolivia;2020-04-15;  397;  43;  28; 0;    7;  1;  362;  42;2020;kwiecień;15;środa;0,0705;0,0176;0,9118; 36; 16
Bolivia;2020-04-16;  441;  44;  29; 1;   14;  7;  398;  36;2020;kwiecień;16;czwartek;0,0658;0,0317;0,9025; 37; 17
Bolivia;2020-04-17;  465;  24;  31; 2;   26; 12;  408;  10;2020;kwiecień;17;piątek;0,0667;0,0559;0,8774; 38; 18
Bolivia;2020-04-18;  493;  28;  31; 0;   31;  5;  431;  23;2020;kwiecień;18;sobota;0,0629;0,0629;0,8742; 39; 19
Bolivia;2020-04-19;  520;  27;  32; 1;   31;  0;  457;  26;2020;kwiecień;19;niedziela;0,0615;0,0596;0,8788; 40; 20
Bolivia;2020-04-20;  564;  44;  33; 1;   31;  0;  500;  43;2020;kwiecień;20;poniedziałek;0,0585;0,0550;0,8865; 41; 21
Bolivia;2020-04-21;  598;  34;  34; 1;   37;  6;  527;  27;2020;kwiecień;21;wtorek;0,0569;0,0619;0,8813; 42; 22
Bolivia;2020-04-22;  609;  11;  37; 3;   44;  7;  528;   1;2020;kwiecień;22;środa;0,0608;0,0722;0,8670; 43; 23
Bolivia;2020-04-23;  703;  94;  43; 6;   44;  0;  616;  88;2020;kwiecień;23;czwartek;0,0612;0,0626;0,8762; 44; 24
Bolivia;2020-04-24;  807; 104;  44; 1;   54; 10;  709;  93;2020;kwiecień;24;piątek;0,0545;0,0669;0,8786; 45; 25
Bolivia;2020-04-25;  866;  59;  46; 2;   54;  0;  766;  57;2020;kwiecień;25;sobota;0,0531;0,0624;0,8845; 46; 26
Bolivia;2020-04-26;  950;  84;  50; 4;   80; 26;  820;  54;2020;kwiecień;26;niedziela;0,0526;0,0842;0,8632; 47; 27
Bolivia;2020-04-27; 1014;  64;  53; 3;   98; 18;  863;  43;2020;kwiecień;27;poniedziałek;0,0523;0,0966;0,8511; 48; 28
Bolivia;2020-04-28; 1053;  39;  55; 2;  110; 12;  888;  25;2020;kwiecień;28;wtorek;0,0522;0,1045;0,8433; 49; 29
Bolivia;2020-04-29; 1110;  57;  59; 4;  117;  7;  934;  46;2020;kwiecień;29;środa;0,0532;0,1054;0,8414; 50; 30
Bolivia;2020-04-30; 1167;  57;  62; 3;  132; 15;  973;  39;2020;kwiecień;30;czwartek;0,0531;0,1131;0,8338; 51; 31
Bolivia;2020-05-01; 1229;  62;  66; 4;  134;  2; 1029;  56;2020;maj; 1;piątek;0,0537;0,1090;0,8373; 52; 32
Bolivia;2020-05-02; 1470; 241;  71; 5;  159; 25; 1240; 211;2020;maj; 2;sobota;0,0483;0,1082;0,8435; 53; 33
Bolivia;2020-05-03; 1594; 124;  76; 5;  166;  7; 1352; 112;2020;maj; 3;niedziela;0,0477;0,1041;0,8482; 54; 34
Bolivia;2020-05-04; 1681;  87;  82; 6;  174;  8; 1425;  73;2020;maj; 4;poniedziałek;0,0488;0,1035;0,8477; 55; 35
Bolivia;2020-05-05; 1802; 121;  86; 4;  187; 13; 1529; 104;2020;maj; 5;wtorek;0,0477;0,1038;0,8485; 56; 36
Bolivia;2020-05-06; 1886;  84;  91; 5;  198; 11; 1597;  68;2020;maj; 6;środa;0,0483;0,1050;0,8468; 57; 37
Bolivia;2020-05-07; 2081; 195; 102;11;  219; 21; 1760; 163;2020;maj; 7;czwartek;0,0490;0,1052;0,8457; 58; 38
Bolivia;2020-05-08; 2266; 185; 106; 4;  237; 18; 1923; 163;2020;maj; 8;piątek;0,0468;0,1046;0,8486; 59; 39
Bolivia;2020-05-09; 2437; 171; 114; 8;  258; 21; 2065; 142;2020;maj; 9;sobota;0,0468;0,1059;0,8474; 60; 40
Bolivia;2020-05-10; 2556; 119; 118; 4;  273; 15; 2165; 100;2020;maj;10;niedziela;0,0462;0,1068;0,8470; 61; 41
Bolivia;2020-05-11; 2831; 275; 122; 4;  299; 26; 2410; 245;2020;maj;11;poniedziałek;0,0431;0,1056;0,8513; 62; 42
Bolivia;2020-05-12; 2964; 133; 128; 6;  313; 14; 2523; 113;2020;maj;12;wtorek;0,0432;0,1056;0,8512; 63; 43
Bolivia;2020-05-13; 3148; 184; 142;14;  339; 26; 2667; 144;2020;maj;13;środa;0,0451;0,1077;0,8472; 64; 44
Bolivia;2020-05-14; 3372; 224; 152;10;  356; 17; 2864; 197;2020;maj;14;czwartek;0,0451;0,1056;0,8493; 65; 45
Bolivia;2020-05-15; 3577; 205; 164;12;  434; 78; 2979; 115;2020;maj;15;piątek;0,0458;0,1213;0,8328; 66; 46
Bolivia;2020-05-16; 3826; 249; 165; 1;  473; 39; 3188; 209;2020;maj;16;sobota;0,0431;0,1236;0,8332; 67; 47
Bolivia;2020-05-17; 4088; 262; 169; 4;  493; 20; 3426; 238;2020;maj;17;niedziela;0,0413;0,1206;0,8381; 68; 48
Bolivia;2020-05-18; 4263; 175; 174; 5;  503; 10; 3586; 160;2020;maj;18;poniedziałek;0,0408;0,1180;0,8412; 69; 49
Bolivia;2020-05-19; 4481; 218; 189;15;  533; 30; 3759; 173;2020;maj;19;wtorek;0,0422;0,1189;0,8389; 70; 50
Bolivia;2020-05-20; 4919; 438; 199;10;  553; 20; 4167; 408;2020;maj;20;środa;0,0405;0,1124;0,8471; 71; 51
Bolivia;2020-05-21; 5187; 268; 215;16;  561;  8; 4411; 244;2020;maj;21;czwartek;0,0414;0,1082;0,8504; 72; 52
Bolivia;2020-05-22; 5579; 392; 230;15;  575; 14; 4774; 363;2020;maj;22;piątek;0,0412;0,1031;0,8557; 73; 53
Bolivia;2020-05-23; 5915; 336; 240;10;  609; 34; 5066; 292;2020;maj;23;sobota;0,0406;0,1030;0,8565; 74; 54
Bolivia;2020-05-24; 6263; 348; 250;10;  629; 20; 5384; 318;2020;maj;24;niedziela;0,0399;0,1004;0,8597; 75; 55
Bolivia;2020-05-25; 6660; 397; 261;11;  647; 18; 5752; 368;2020;maj;25;poniedziałek;0,0392;0,0971;0,8637; 76; 56
Bolivia;2020-05-26; 7136; 476; 274;13;  677; 30; 6185; 433;2020;maj;26;wtorek;0,0384;0,0949;0,8667; 77; 57
Bolivia;2020-05-27; 7768; 632; 280; 6;  689; 12; 6799; 614;2020;maj;27;środa;0,0360;0,0887;0,8753; 78; 58
Bolivia;2020-05-28; 8387; 619; 293;13;  738; 49; 7356; 557;2020;maj;28;czwartek;0,0349;0,0880;0,8771; 79; 59
Bolivia;2020-05-29; 8731; 344; 300; 7;  749; 11; 7682; 326;2020;maj;29;piątek;0,0344;0,0858;0,8799; 80; 60
Bolivia;2020-05-30; 9592; 861; 310;10;  889;140; 8393; 711;2020;maj;30;sobota;0,0323;0,0927;0,8750; 81; 61
Bolivia;2020-05-31; 9982; 390; 313; 3;  968; 79; 8701; 308;2020;maj;31;niedziela;0,0314;0,0970;0,8717; 82; 62
Bolivia;2020-06-01;10531; 549; 343;30; 1137;169; 9051; 350;2020;czerwiec; 1;poniedziałek;0,0326;0,1080;0,8595; 83; 63
Bolivia;2020-06-02;10991; 460; 376;33; 1298;161; 9317; 266;2020;czerwiec; 2;wtorek;0,0342;0,1181;0,8477; 84; 64
Bolivia;2020-06-03;11638; 647; 400;24; 1507;209; 9731; 414;2020;czerwiec; 3;środa;0,0344;0,1295;0,8361; 85; 65
Bolivia;2020-06-04;12245; 607; 415;15; 1658;151;10172; 441;2020;czerwiec; 4;czwartek;0,0339;0,1354;0,8307; 86; 66
Bolivia;2020-06-05;12728; 483; 427;12; 1739; 81;10562; 390;2020;czerwiec; 5;piątek;0,0335;0,1366;0,8298; 87; 67
Bolivia;2020-06-06;13358; 630; 454;27; 1902;163;11002; 440;2020;czerwiec; 6;sobota;0,0340;0,1424;0,8236; 88; 68
Bolivia;2020-06-07;13643; 285; 465;11; 2086;184;11092;  90;2020;czerwiec; 7;niedziela;0,0341;0,1529;0,8130; 89; 69
Bolivia;2020-06-08;13949; 306; 475;10; 2159; 73;11315; 223;2020;czerwiec; 8;poniedziałek;0,0341;0,1548;0,8112; 90; 70
Bolivia;2020-06-09;14644; 695; 487;12; 2190; 31;11967; 652;2020;czerwiec; 9;wtorek;0,0333;0,1495;0,8172; 91; 71
Bolivia;2020-06-10;15281; 637; 512;25; 2261; 71;12508; 541;2020;czerwiec;10;środa;0,0335;0,1480;0,8185; 92; 72
Bolivia;2020-06-11;16165; 884; 533;21; 2372;111;13260; 752;2020;czerwiec;11;czwartek;0,0330;0,1467;0,8203; 93; 73
Bolivia;2020-06-12;16929; 764; 559;26; 2431; 59;13939; 679;2020;czerwiec;12;piątek;0,0330;0,1436;0,8234; 94; 74
Bolivia;2020-06-13;17842; 913; 585;26; 2768;337;14489; 550;2020;czerwiec;13;sobota;0,0328;0,1551;0,8121; 95; 75
Bolivia;2020-06-14;18459; 617; 611;26; 3113;345;14735; 246;2020;czerwiec;14;niedziela;0,0331;0,1686;0,7983; 96; 76
Bolivia;2020-06-15;19073; 614; 632;21; 3430;317;15011; 276;2020;czerwiec;15;poniedziałek;0,0331;0,1798;0,7870; 97; 77
Bolivia;2020-06-16;19883; 810; 659;27; 3752;322;15472; 461;2020;czerwiec;16;wtorek;0,0331;0,1887;0,7782; 98; 78
Bolivia;2020-06-17;20685; 802; 679;20; 4002;250;16004; 532;2020;czerwiec;17;środa;0,0328;0,1935;0,7737; 99; 79
Bolivia;2020-06-18;21499; 814; 697;18; 4002;  0;16800; 796;2020;czerwiec;18;czwartek;0,0324;0,1861;0,7814;100; 80
Bolivia;2020-06-19;22476; 977; 715;18; 4670;668;17091; 291;2020;czerwiec;19;piątek;0,0318;0,2078;0,7604;101; 81
Bolivia;2020-06-20;23512;1036; 740;25; 5086;416;17686; 595;2020;czerwiec;20;sobota;0,0315;0,2163;0,7522;102; 82
Bolivia;2020-06-21;24388; 876; 773;33; 5454;368;18161; 475;2020;czerwiec;21;niedziela;0,0317;0,2236;0,7447;103; 83
Bolivia;2020-06-22;25493;1105; 820;47; 5857;403;18816; 655;2020;czerwiec;22;poniedziałek;0,0322;0,2297;0,7381;104; 84
Bolivia;2020-06-23;26389; 896; 846;26; 6300;443;19243; 427;2020;czerwiec;23;wtorek;0,0321;0,2387;0,7292;105; 85
Bolivia;2020-06-24;27487;1098; 876;30; 6795;495;19816; 573;2020;czerwiec;24;środa;0,0319;0,2472;0,7209;106; 86
Bolivia;2020-06-25;28503;1016; 913;37; 7338;543;20252; 436;2020;czerwiec;25;czwartek;0,0320;0,2574;0,7105;107; 87
Bolivia;2020-06-26;29423; 920; 934;21; 7736;398;20753; 501;2020;czerwiec;26;piątek;0,0317;0,2629;0,7053;108; 88
Bolivia;2020-06-27;30676;1253; 970;36; 8158;422;21548; 795;2020;czerwiec;27;sobota;0,0316;0,2659;0,7024;109; 89
Bolivia;2020-06-28;31524; 848;1014;44; 8517;359;21993; 445;2020;czerwiec;28;niedziela;0,0322;0,2702;0,6977;110; 90
Bolivia;2020-06-29;32125; 601;1071;57; 8928;411;22126; 133;2020;czerwiec;29;poniedziałek;0,0333;0,2779;0,6887;111; 91
Bolivia;2020-06-30;33219;1094;1123;52; 9340;412;22756; 630;2020;czerwiec;30;wtorek;0,0338;0,2812;0,6850;112; 92
Bolivia;2020-07-01;34227;1008;1201;78; 9764;424;23262; 506;2020;lipiec; 1;środa;0,0351;0,2853;0,6796;113; 93
Bolivia;2020-07-02;35528;1301;1271;70;10358;594;23899; 637;2020;lipiec; 2;czwartek;0,0358;0,2915;0,6727;114; 94
Bolivia;2020-07-03;36818;1290;1320;49;10766;408;24732; 833;2020;lipiec; 3;piątek;0,0359;0,2924;0,6717;115; 95
Bolivia;2020-07-04;38071;1253;1378;58;11272;506;25421; 689;2020;lipiec; 4;sobota;0,0362;0,2961;0,6677;116; 96
Bolivia;2020-07-05;39297;1226;1434;56;11667;395;26196; 775;2020;lipiec; 5;niedziela;0,0365;0,2969;0,6666;117; 97
Bolivia;2020-07-06;40509;1212;1476;42;11929;262;27104; 908;2020;lipiec; 6;poniedziałek;0,0364;0,2945;0,6691;118; 98
Bolivia;2020-07-07;41545;1036;1530;54;12398;469;27617; 513;2020;lipiec; 7;wtorek;0,0368;0,2984;0,6647;119; 99
Bolivia;2020-07-08;42984;1439;1577;47;12883;485;28524; 907;2020;lipiec; 8;środa;0,0367;0,2997;0,6636;120;100
Bolivia;2020-07-09;44113;1129;1638;61;13354;471;29121; 597;2020;lipiec; 9;czwartek;0,0371;0,3027;0,6601;121;101
Bolivia;2020-07-10;45565;1452;1702;64;13918;564;29945; 824;2020;lipiec;10;piątek;0,0374;0,3055;0,6572;122;102
Bolivia;2020-07-11;47200;1635;1754;52;14333;415;31113;1168;2020;lipiec;11;sobota;0,0372;0,3037;0,6592;123;103
Bolivia;2020-07-12;48187; 987;1807;53;14843;510;31537; 424;2020;lipiec;12;niedziela;0,0375;0,3080;0,6545;124;104
Bolivia;2020-07-13;49250;1063;1866;59;15294;451;32090; 553;2020;lipiec;13;poniedziałek;0,0379;0,3105;0,6516;125;105
Bolivia;2020-07-14;50867;1617;1898;32;15819;525;33150;1060;2020;lipiec;14;wtorek;0,0373;0,3110;0,6517;126;106
