Country;Date;Confirmed;New_Confirmed;Deaths;New_Deaths;Recovered;New_Recovered;Active;New_Active;Year;Month;Day;Week_Day;Deaths_Ratio;Recovered_Ratio;Active_Ratio;Day_Since_1st_Confirmed;Day_Since_100st_Confirmed
Cabo Verde;2020-03-20;   1; 1; 0;0;  0; 0;  1;  1;2020;marzec;20;piątek;0,0000;0,0000;1,0000;  1; 0
Cabo Verde;2020-03-21;   3; 2; 0;0;  0; 0;  3;  2;2020;marzec;21;sobota;0,0000;0,0000;1,0000;  2; 0
Cabo Verde;2020-03-22;   3; 0; 0;0;  0; 0;  3;  0;2020;marzec;22;niedziela;0,0000;0,0000;1,0000;  3; 0
Cabo Verde;2020-03-23;   3; 0; 0;0;  0; 0;  3;  0;2020;marzec;23;poniedziałek;0,0000;0,0000;1,0000;  4; 0
Cabo Verde;2020-03-24;   3; 0; 1;1;  0; 0;  2; -1;2020;marzec;24;wtorek;0,3333;0,0000;0,6667;  5; 0
Cabo Verde;2020-03-25;   4; 1; 1;0;  0; 0;  3;  1;2020;marzec;25;środa;0,2500;0,0000;0,7500;  6; 0
Cabo Verde;2020-03-26;   4; 0; 1;0;  0; 0;  3;  0;2020;marzec;26;czwartek;0,2500;0,0000;0,7500;  7; 0
Cabo Verde;2020-03-27;   5; 1; 1;0;  0; 0;  4;  1;2020;marzec;27;piątek;0,2000;0,0000;0,8000;  8; 0
Cabo Verde;2020-03-28;   5; 0; 1;0;  0; 0;  4;  0;2020;marzec;28;sobota;0,2000;0,0000;0,8000;  9; 0
Cabo Verde;2020-03-29;   6; 1; 1;0;  0; 0;  5;  1;2020;marzec;29;niedziela;0,1667;0,0000;0,8333; 10; 0
Cabo Verde;2020-03-30;   6; 0; 1;0;  0; 0;  5;  0;2020;marzec;30;poniedziałek;0,1667;0,0000;0,8333; 11; 0
Cabo Verde;2020-03-31;   6; 0; 1;0;  0; 0;  5;  0;2020;marzec;31;wtorek;0,1667;0,0000;0,8333; 12; 0
Cabo Verde;2020-04-01;   6; 0; 1;0;  0; 0;  5;  0;2020;kwiecień; 1;środa;0,1667;0,0000;0,8333; 13; 0
Cabo Verde;2020-04-02;   6; 0; 1;0;  0; 0;  5;  0;2020;kwiecień; 2;czwartek;0,1667;0,0000;0,8333; 14; 0
Cabo Verde;2020-04-03;   6; 0; 1;0;  0; 0;  5;  0;2020;kwiecień; 3;piątek;0,1667;0,0000;0,8333; 15; 0
Cabo Verde;2020-04-04;   7; 1; 1;0;  0; 0;  6;  1;2020;kwiecień; 4;sobota;0,1429;0,0000;0,8571; 16; 0
Cabo Verde;2020-04-05;   7; 0; 1;0;  0; 0;  6;  0;2020;kwiecień; 5;niedziela;0,1429;0,0000;0,8571; 17; 0
Cabo Verde;2020-04-06;   7; 0; 1;0;  1; 1;  5; -1;2020;kwiecień; 6;poniedziałek;0,1429;0,1429;0,7143; 18; 0
Cabo Verde;2020-04-07;   7; 0; 1;0;  1; 0;  5;  0;2020;kwiecień; 7;wtorek;0,1429;0,1429;0,7143; 19; 0
Cabo Verde;2020-04-08;   7; 0; 1;0;  1; 0;  5;  0;2020;kwiecień; 8;środa;0,1429;0,1429;0,7143; 20; 0
Cabo Verde;2020-04-09;   7; 0; 1;0;  1; 0;  5;  0;2020;kwiecień; 9;czwartek;0,1429;0,1429;0,7143; 21; 0
Cabo Verde;2020-04-10;   7; 0; 1;0;  1; 0;  5;  0;2020;kwiecień;10;piątek;0,1429;0,1429;0,7143; 22; 0
Cabo Verde;2020-04-11;   8; 1; 1;0;  1; 0;  6;  1;2020;kwiecień;11;sobota;0,1250;0,1250;0,7500; 23; 0
Cabo Verde;2020-04-12;   8; 0; 1;0;  1; 0;  6;  0;2020;kwiecień;12;niedziela;0,1250;0,1250;0,7500; 24; 0
Cabo Verde;2020-04-13;  10; 2; 1;0;  1; 0;  8;  2;2020;kwiecień;13;poniedziałek;0,1000;0,1000;0,8000; 25; 0
Cabo Verde;2020-04-14;  11; 1; 1;0;  1; 0;  9;  1;2020;kwiecień;14;wtorek;0,0909;0,0909;0,8182; 26; 0
Cabo Verde;2020-04-15;  56;45; 1;0;  1; 0; 54; 45;2020;kwiecień;15;środa;0,0179;0,0179;0,9643; 27; 0
Cabo Verde;2020-04-16;  56; 0; 1;0;  1; 0; 54;  0;2020;kwiecień;16;czwartek;0,0179;0,0179;0,9643; 28; 0
Cabo Verde;2020-04-17;  56; 0; 1;0;  1; 0; 54;  0;2020;kwiecień;17;piątek;0,0179;0,0179;0,9643; 29; 0
Cabo Verde;2020-04-18;  58; 2; 1;0;  1; 0; 56;  2;2020;kwiecień;18;sobota;0,0172;0,0172;0,9655; 30; 0
Cabo Verde;2020-04-19;  61; 3; 1;0;  1; 0; 59;  3;2020;kwiecień;19;niedziela;0,0164;0,0164;0,9672; 31; 0
Cabo Verde;2020-04-20;  67; 6; 1;0;  1; 0; 65;  6;2020;kwiecień;20;poniedziałek;0,0149;0,0149;0,9701; 32; 0
Cabo Verde;2020-04-21;  68; 1; 1;0;  1; 0; 66;  1;2020;kwiecień;21;wtorek;0,0147;0,0147;0,9706; 33; 0
Cabo Verde;2020-04-22;  73; 5; 1;0;  1; 0; 71;  5;2020;kwiecień;22;środa;0,0137;0,0137;0,9726; 34; 0
Cabo Verde;2020-04-23;  82; 9; 1;0;  1; 0; 80;  9;2020;kwiecień;23;czwartek;0,0122;0,0122;0,9756; 35; 0
Cabo Verde;2020-04-24;  88; 6; 1;0;  1; 0; 86;  6;2020;kwiecień;24;piątek;0,0114;0,0114;0,9773; 36; 0
Cabo Verde;2020-04-25;  90; 2; 1;0;  1; 0; 88;  2;2020;kwiecień;25;sobota;0,0111;0,0111;0,9778; 37; 0
Cabo Verde;2020-04-26; 106;16; 1;0;  1; 0;104; 16;2020;kwiecień;26;niedziela;0,0094;0,0094;0,9811; 38; 1
Cabo Verde;2020-04-27; 109; 3; 1;0;  1; 0;107;  3;2020;kwiecień;27;poniedziałek;0,0092;0,0092;0,9817; 39; 2
Cabo Verde;2020-04-28; 114; 5; 1;0;  2; 1;111;  4;2020;kwiecień;28;wtorek;0,0088;0,0175;0,9737; 40; 3
Cabo Verde;2020-04-29; 114; 0; 1;0;  2; 0;111;  0;2020;kwiecień;29;środa;0,0088;0,0175;0,9737; 41; 4
Cabo Verde;2020-04-30; 121; 7; 1;0;  4; 2;116;  5;2020;kwiecień;30;czwartek;0,0083;0,0331;0,9587; 42; 5
Cabo Verde;2020-05-01; 122; 1; 1;0; 18;14;103;-13;2020;maj; 1;piątek;0,0082;0,1475;0,8443; 43; 6
Cabo Verde;2020-05-02; 152;30; 2;1; 18; 0;132; 29;2020;maj; 2;sobota;0,0132;0,1184;0,8684; 44; 7
Cabo Verde;2020-05-03; 165;13; 2;0; 33;15;130; -2;2020;maj; 3;niedziela;0,0121;0,2000;0,7879; 45; 8
Cabo Verde;2020-05-04; 175;10; 2;0; 37; 4;136;  6;2020;maj; 4;poniedziałek;0,0114;0,2114;0,7771; 46; 9
Cabo Verde;2020-05-05; 186;11; 2;0; 37; 0;147; 11;2020;maj; 5;wtorek;0,0108;0,1989;0,7903; 47;10
Cabo Verde;2020-05-06; 191; 5; 2;0; 38; 1;151;  4;2020;maj; 6;środa;0,0105;0,1990;0,7906; 48;11
Cabo Verde;2020-05-07; 218;27; 2;0; 38; 0;178; 27;2020;maj; 7;czwartek;0,0092;0,1743;0,8165; 49;12
Cabo Verde;2020-05-08; 230;12; 2;0; 44; 6;184;  6;2020;maj; 8;piątek;0,0087;0,1913;0,8000; 50;13
Cabo Verde;2020-05-09; 236; 6; 2;0; 56;12;178; -6;2020;maj; 9;sobota;0,0085;0,2373;0,7542; 51;14
Cabo Verde;2020-05-10; 246;10; 2;0; 56; 0;188; 10;2020;maj;10;niedziela;0,0081;0,2276;0,7642; 52;15
Cabo Verde;2020-05-11; 260;14; 2;0; 58; 2;200; 12;2020;maj;11;poniedziałek;0,0077;0,2231;0,7692; 53;16
Cabo Verde;2020-05-12; 267; 7; 2;0; 58; 0;207;  7;2020;maj;12;wtorek;0,0075;0,2172;0,7753; 54;17
Cabo Verde;2020-05-13; 289;22; 2;0; 61; 3;226; 19;2020;maj;13;środa;0,0069;0,2111;0,7820; 55;18
Cabo Verde;2020-05-14; 315;26; 2;0; 67; 6;246; 20;2020;maj;14;czwartek;0,0063;0,2127;0,7810; 56;19
Cabo Verde;2020-05-15; 326;11; 2;0; 67; 0;257; 11;2020;maj;15;piątek;0,0061;0,2055;0,7883; 57;20
Cabo Verde;2020-05-16; 328; 2; 3;1; 84;17;241;-16;2020;maj;16;sobota;0,0091;0,2561;0,7348; 58;21
Cabo Verde;2020-05-17; 328; 0; 3;0; 84; 0;241;  0;2020;maj;17;niedziela;0,0091;0,2561;0,7348; 59;22
Cabo Verde;2020-05-18; 328; 0; 3;0; 85; 1;240; -1;2020;maj;18;poniedziałek;0,0091;0,2591;0,7317; 60;23
Cabo Verde;2020-05-19; 335; 7; 3;0; 85; 0;247;  7;2020;maj;19;wtorek;0,0090;0,2537;0,7373; 61;24
Cabo Verde;2020-05-20; 349;14; 3;0; 85; 0;261; 14;2020;maj;20;środa;0,0086;0,2436;0,7479; 62;25
Cabo Verde;2020-05-21; 356; 7; 3;0; 95;10;258; -3;2020;maj;21;czwartek;0,0084;0,2669;0,7247; 63;26
Cabo Verde;2020-05-22; 362; 6; 3;0; 95; 0;264;  6;2020;maj;22;piątek;0,0083;0,2624;0,7293; 64;27
Cabo Verde;2020-05-23; 371; 9; 3;0;142;47;226;-38;2020;maj;23;sobota;0,0081;0,3827;0,6092; 65;28
Cabo Verde;2020-05-24; 380; 9; 3;0;155;13;222; -4;2020;maj;24;niedziela;0,0079;0,4079;0,5842; 66;29
Cabo Verde;2020-05-25; 390;10; 3;0;155; 0;232; 10;2020;maj;25;poniedziałek;0,0077;0,3974;0,5949; 67;30
Cabo Verde;2020-05-26; 390; 0; 4;1;155; 0;231; -1;2020;maj;26;wtorek;0,0103;0,3974;0,5923; 68;31
Cabo Verde;2020-05-27; 390; 0; 4;0;155; 0;231;  0;2020;maj;27;środa;0,0103;0,3974;0,5923; 69;32
Cabo Verde;2020-05-28; 390; 0; 4;0;155; 0;231;  0;2020;maj;28;czwartek;0,0103;0,3974;0,5923; 70;33
Cabo Verde;2020-05-29; 405;15; 4;0;155; 0;246; 15;2020;maj;29;piątek;0,0099;0,3827;0,6074; 71;34
Cabo Verde;2020-05-30; 421;16; 4;0;167;12;250;  4;2020;maj;30;sobota;0,0095;0,3967;0,5938; 72;35
Cabo Verde;2020-05-31; 435;14; 4;0;193;26;238;-12;2020;maj;31;niedziela;0,0092;0,4437;0,5471; 73;36
Cabo Verde;2020-06-01; 458;23; 4;0;193; 0;261; 23;2020;czerwiec; 1;poniedziałek;0,0087;0,4214;0,5699; 74;37
Cabo Verde;2020-06-02; 466; 8; 5;1;237;44;224;-37;2020;czerwiec; 2;wtorek;0,0107;0,5086;0,4807; 75;38
Cabo Verde;2020-06-03; 477;11; 5;0;238; 1;234; 10;2020;czerwiec; 3;środa;0,0105;0,4990;0,4906; 76;39
Cabo Verde;2020-06-04; 502;25; 5;0;239; 1;258; 24;2020;czerwiec; 4;czwartek;0,0100;0,4761;0,5139; 77;40
Cabo Verde;2020-06-05; 536;34; 5;0;239; 0;292; 34;2020;czerwiec; 5;piątek;0,0093;0,4459;0,5448; 78;41
Cabo Verde;2020-06-06; 542; 6; 5;0;240; 1;297;  5;2020;czerwiec; 6;sobota;0,0092;0,4428;0,5480; 79;42
Cabo Verde;2020-06-07; 554;12; 5;0;240; 0;309; 12;2020;czerwiec; 7;niedziela;0,0090;0,4332;0,5578; 80;43
Cabo Verde;2020-06-08; 567;13; 5;0;266;26;296;-13;2020;czerwiec; 8;poniedziałek;0,0088;0,4691;0,5220; 81;44
Cabo Verde;2020-06-09; 585;18; 5;0;270; 4;310; 14;2020;czerwiec; 9;wtorek;0,0085;0,4615;0,5299; 82;45
Cabo Verde;2020-06-10; 615;30; 5;0;294;24;316;  6;2020;czerwiec;10;środa;0,0081;0,4780;0,5138; 83;46
Cabo Verde;2020-06-11; 657;42; 6;1;294; 0;357; 41;2020;czerwiec;11;czwartek;0,0091;0,4475;0,5434; 84;47
Cabo Verde;2020-06-12; 697;40; 6;0;294; 0;397; 40;2020;czerwiec;12;piątek;0,0086;0,4218;0,5696; 85;48
Cabo Verde;2020-06-13; 726;29; 6;0;294; 0;426; 29;2020;czerwiec;13;sobota;0,0083;0,4050;0,5868; 86;49
Cabo Verde;2020-06-14; 750;24; 6;0;301; 7;443; 17;2020;czerwiec;14;niedziela;0,0080;0,4013;0,5907; 87;50
Cabo Verde;2020-06-15; 760;10; 7;1;340;39;413;-30;2020;czerwiec;15;poniedziałek;0,0092;0,4474;0,5434; 88;51
Cabo Verde;2020-06-16; 781;21; 7;0;354;14;420;  7;2020;czerwiec;16;wtorek;0,0090;0,4533;0,5378; 89;52
Cabo Verde;2020-06-17; 792;11; 7;0;377;23;408;-12;2020;czerwiec;17;środa;0,0088;0,4760;0,5152; 90;53
Cabo Verde;2020-06-18; 823;31; 7;0;377; 0;439; 31;2020;czerwiec;18;czwartek;0,0085;0,4581;0,5334; 91;54
Cabo Verde;2020-06-19; 848;25; 8;1;377; 0;463; 24;2020;czerwiec;19;piątek;0,0094;0,4446;0,5460; 92;55
Cabo Verde;2020-06-20; 863;15; 8;0;377; 0;478; 15;2020;czerwiec;20;sobota;0,0093;0,4368;0,5539; 93;56
Cabo Verde;2020-06-21; 890;27; 8;0;413;36;469; -9;2020;czerwiec;21;niedziela;0,0090;0,4640;0,5270; 94;57
Cabo Verde;2020-06-22; 944;54; 8;0;419; 6;517; 48;2020;czerwiec;22;poniedziałek;0,0085;0,4439;0,5477; 95;58
Cabo Verde;2020-06-23; 982;38; 8;0;426; 7;548; 31;2020;czerwiec;23;wtorek;0,0081;0,4338;0,5580; 96;59
Cabo Verde;2020-06-24; 999;17; 8;0;479;53;512;-36;2020;czerwiec;24;środa;0,0080;0,4795;0,5125; 97;60
Cabo Verde;2020-06-25;1003; 4; 8;0;562;83;433;-79;2020;czerwiec;25;czwartek;0,0080;0,5603;0,4317; 98;61
Cabo Verde;2020-06-26;1027;24;10;2;568; 6;449; 16;2020;czerwiec;26;piątek;0,0097;0,5531;0,4372; 99;62
Cabo Verde;2020-06-27;1091;64;12;2;568; 0;511; 62;2020;czerwiec;27;sobota;0,0110;0,5206;0,4684;100;63
Cabo Verde;2020-06-28;1155;64;12;0;570; 2;573; 62;2020;czerwiec;28;niedziela;0,0104;0,4935;0,4961;101;64
Cabo Verde;2020-06-29;1165;10;12;0;608;38;545;-28;2020;czerwiec;29;poniedziałek;0,0103;0,5219;0,4678;102;65
Cabo Verde;2020-06-30;1227;62;15;3;629;21;583; 38;2020;czerwiec;30;wtorek;0,0122;0,5126;0,4751;103;66
Cabo Verde;2020-07-01;1267;40;15;0;629; 0;623; 40;2020;lipiec; 1;środa;0,0118;0,4964;0,4917;104;67
Cabo Verde;2020-07-02;1301;34;15;0;629; 0;657; 34;2020;lipiec; 2;czwartek;0,0115;0,4835;0,5050;105;68
Cabo Verde;2020-07-03;1382;81;15;0;629; 0;738; 81;2020;lipiec; 3;piątek;0,0109;0,4551;0,5340;106;69
Cabo Verde;2020-07-04;1421;39;16;1;654;25;751; 13;2020;lipiec; 4;sobota;0,0113;0,4602;0,5285;107;70
Cabo Verde;2020-07-05;1451;30;17;1;655; 1;779; 28;2020;lipiec; 5;niedziela;0,0117;0,4514;0,5369;108;71
Cabo Verde;2020-07-06;1463;12;17;0;722;67;724;-55;2020;lipiec; 6;poniedziałek;0,0116;0,4935;0,4949;109;72
Cabo Verde;2020-07-07;1499;36;18;1;724; 2;757; 33;2020;lipiec; 7;wtorek;0,0120;0,4830;0,5050;110;73
Cabo Verde;2020-07-08;1542;43;18;0;730; 6;794; 37;2020;lipiec; 8;środa;0,0117;0,4734;0,5149;111;74
Cabo Verde;2020-07-09;1552;10;18;0;730; 0;804; 10;2020;lipiec; 9;czwartek;0,0116;0,4704;0,5180;112;75
Cabo Verde;2020-07-10;1591;39;19;1;730; 0;842; 38;2020;lipiec;10;piątek;0,0119;0,4588;0,5292;113;76
Cabo Verde;2020-07-11;1623;32;19;0;748;18;856; 14;2020;lipiec;11;sobota;0,0117;0,4609;0,5274;114;77
Cabo Verde;2020-07-12;1623; 0;19;0;748; 0;856;  0;2020;lipiec;12;niedziela;0,0117;0,4609;0,5274;115;78
Cabo Verde;2020-07-13;1698;75;19;0;748; 0;931; 75;2020;lipiec;13;poniedziałek;0,0112;0,4405;0,5483;116;79
Cabo Verde;2020-07-14;1722;24;19;0;772;24;931;  0;2020;lipiec;14;wtorek;0,0110;0,4483;0,5407;117;80
