Country;Date;Confirmed;New_Confirmed;Deaths;New_Deaths;Recovered;New_Recovered;Active;New_Active;Year;Month;Day;Week_Day;Deaths_Ratio;Recovered_Ratio;Active_Ratio;Day_Since_1st_Confirmed;Day_Since_100st_Confirmed
Chad;2020-03-19;  1; 1; 0; 0;  0; 0;  1;  1;2020;marzec;19;czwartek;0,0000;0,0000;1,0000; 1; 0
Chad;2020-03-20;  1; 0; 0; 0;  0; 0;  1;  0;2020;marzec;20;piątek;0,0000;0,0000;1,0000; 2; 0
Chad;2020-03-21;  1; 0; 0; 0;  0; 0;  1;  0;2020;marzec;21;sobota;0,0000;0,0000;1,0000; 3; 0
Chad;2020-03-22;  1; 0; 0; 0;  0; 0;  1;  0;2020;marzec;22;niedziela;0,0000;0,0000;1,0000; 4; 0
Chad;2020-03-23;  1; 0; 0; 0;  0; 0;  1;  0;2020;marzec;23;poniedziałek;0,0000;0,0000;1,0000; 5; 0
Chad;2020-03-24;  3; 2; 0; 0;  0; 0;  3;  2;2020;marzec;24;wtorek;0,0000;0,0000;1,0000; 6; 0
Chad;2020-03-25;  3; 0; 0; 0;  0; 0;  3;  0;2020;marzec;25;środa;0,0000;0,0000;1,0000; 7; 0
Chad;2020-03-26;  3; 0; 0; 0;  0; 0;  3;  0;2020;marzec;26;czwartek;0,0000;0,0000;1,0000; 8; 0
Chad;2020-03-27;  3; 0; 0; 0;  0; 0;  3;  0;2020;marzec;27;piątek;0,0000;0,0000;1,0000; 9; 0
Chad;2020-03-28;  3; 0; 0; 0;  0; 0;  3;  0;2020;marzec;28;sobota;0,0000;0,0000;1,0000;10; 0
Chad;2020-03-29;  3; 0; 0; 0;  0; 0;  3;  0;2020;marzec;29;niedziela;0,0000;0,0000;1,0000;11; 0
Chad;2020-03-30;  5; 2; 0; 0;  0; 0;  5;  2;2020;marzec;30;poniedziałek;0,0000;0,0000;1,0000;12; 0
Chad;2020-03-31;  7; 2; 0; 0;  0; 0;  7;  2;2020;marzec;31;wtorek;0,0000;0,0000;1,0000;13; 0
Chad;2020-04-01;  7; 0; 0; 0;  0; 0;  7;  0;2020;kwiecień; 1;środa;0,0000;0,0000;1,0000;14; 0
Chad;2020-04-02;  8; 1; 0; 0;  0; 0;  8;  1;2020;kwiecień; 2;czwartek;0,0000;0,0000;1,0000;15; 0
Chad;2020-04-03;  8; 0; 0; 0;  0; 0;  8;  0;2020;kwiecień; 3;piątek;0,0000;0,0000;1,0000;16; 0
Chad;2020-04-04;  9; 1; 0; 0;  0; 0;  9;  1;2020;kwiecień; 4;sobota;0,0000;0,0000;1,0000;17; 0
Chad;2020-04-05;  9; 0; 0; 0;  0; 0;  9;  0;2020;kwiecień; 5;niedziela;0,0000;0,0000;1,0000;18; 0
Chad;2020-04-06;  9; 0; 0; 0;  0; 0;  9;  0;2020;kwiecień; 6;poniedziałek;0,0000;0,0000;1,0000;19; 0
Chad;2020-04-07; 10; 1; 0; 0;  2; 2;  8; -1;2020;kwiecień; 7;wtorek;0,0000;0,2000;0,8000;20; 0
Chad;2020-04-08; 10; 0; 0; 0;  2; 0;  8;  0;2020;kwiecień; 8;środa;0,0000;0,2000;0,8000;21; 0
Chad;2020-04-09; 11; 1; 0; 0;  2; 0;  9;  1;2020;kwiecień; 9;czwartek;0,0000;0,1818;0,8182;22; 0
Chad;2020-04-10; 11; 0; 0; 0;  2; 0;  9;  0;2020;kwiecień;10;piątek;0,0000;0,1818;0,8182;23; 0
Chad;2020-04-11; 11; 0; 0; 0;  2; 0;  9;  0;2020;kwiecień;11;sobota;0,0000;0,1818;0,8182;24; 0
Chad;2020-04-12; 18; 7; 0; 0;  2; 0; 16;  7;2020;kwiecień;12;niedziela;0,0000;0,1111;0,8889;25; 0
Chad;2020-04-13; 23; 5; 0; 0;  2; 0; 21;  5;2020;kwiecień;13;poniedziałek;0,0000;0,0870;0,9130;26; 0
Chad;2020-04-14; 23; 0; 0; 0;  2; 0; 21;  0;2020;kwiecień;14;wtorek;0,0000;0,0870;0,9130;27; 0
Chad;2020-04-15; 23; 0; 0; 0;  2; 0; 21;  0;2020;kwiecień;15;środa;0,0000;0,0870;0,9130;28; 0
Chad;2020-04-16; 27; 4; 0; 0;  5; 3; 22;  1;2020;kwiecień;16;czwartek;0,0000;0,1852;0,8148;29; 0
Chad;2020-04-17; 27; 0; 0; 0;  5; 0; 22;  0;2020;kwiecień;17;piątek;0,0000;0,1852;0,8148;30; 0
Chad;2020-04-18; 33; 6; 0; 0;  8; 3; 25;  3;2020;kwiecień;18;sobota;0,0000;0,2424;0,7576;31; 0
Chad;2020-04-19; 33; 0; 0; 0;  8; 0; 25;  0;2020;kwiecień;19;niedziela;0,0000;0,2424;0,7576;32; 0
Chad;2020-04-20; 33; 0; 0; 0;  8; 0; 25;  0;2020;kwiecień;20;poniedziałek;0,0000;0,2424;0,7576;33; 0
Chad;2020-04-21; 33; 0; 0; 0;  8; 0; 25;  0;2020;kwiecień;21;wtorek;0,0000;0,2424;0,7576;34; 0
Chad;2020-04-22; 33; 0; 0; 0;  8; 0; 25;  0;2020;kwiecień;22;środa;0,0000;0,2424;0,7576;35; 0
Chad;2020-04-23; 33; 0; 0; 0;  8; 0; 25;  0;2020;kwiecień;23;czwartek;0,0000;0,2424;0,7576;36; 0
Chad;2020-04-24; 40; 7; 0; 0;  8; 0; 32;  7;2020;kwiecień;24;piątek;0,0000;0,2000;0,8000;37; 0
Chad;2020-04-25; 46; 6; 0; 0; 15; 7; 31; -1;2020;kwiecień;25;sobota;0,0000;0,3261;0,6739;38; 0
Chad;2020-04-26; 46; 0; 0; 0; 15; 0; 31;  0;2020;kwiecień;26;niedziela;0,0000;0,3261;0,6739;39; 0
Chad;2020-04-27; 46; 0; 0; 0; 15; 0; 31;  0;2020;kwiecień;27;poniedziałek;0,0000;0,3261;0,6739;40; 0
Chad;2020-04-28; 52; 6; 2; 2; 19; 4; 31;  0;2020;kwiecień;28;wtorek;0,0385;0,3654;0,5962;41; 0
Chad;2020-04-29; 52; 0; 2; 0; 19; 0; 31;  0;2020;kwiecień;29;środa;0,0385;0,3654;0,5962;42; 0
Chad;2020-04-30; 73;21; 5; 3; 33;14; 35;  4;2020;kwiecień;30;czwartek;0,0685;0,4521;0,4795;43; 0
Chad;2020-05-01; 73; 0; 5; 0; 33; 0; 35;  0;2020;maj; 1;piątek;0,0685;0,4521;0,4795;44; 0
Chad;2020-05-02;117;44;10; 5; 39; 6; 68; 33;2020;maj; 2;sobota;0,0855;0,3333;0,5812;45; 1
Chad;2020-05-03;117; 0;10; 0; 39; 0; 68;  0;2020;maj; 3;niedziela;0,0855;0,3333;0,5812;46; 2
Chad;2020-05-04;117; 0;10; 0; 39; 0; 68;  0;2020;maj; 4;poniedziałek;0,0855;0,3333;0,5812;47; 3
Chad;2020-05-05;170;53;17; 7; 43; 4;110; 42;2020;maj; 5;wtorek;0,1000;0,2529;0,6471;48; 4
Chad;2020-05-06;170; 0;17; 0; 43; 0;110;  0;2020;maj; 6;środa;0,1000;0,2529;0,6471;49; 5
Chad;2020-05-07;253;83;27;10; 50; 7;176; 66;2020;maj; 7;czwartek;0,1067;0,1976;0,6957;50; 6
Chad;2020-05-08;260; 7;28; 1; 50; 0;182;  6;2020;maj; 8;piątek;0,1077;0,1923;0,7000;51; 7
Chad;2020-05-09;322;62;31; 3; 53; 3;238; 56;2020;maj; 9;sobota;0,0963;0,1646;0,7391;52; 8
Chad;2020-05-10;322; 0;31; 0; 53; 0;238;  0;2020;maj;10;niedziela;0,0963;0,1646;0,7391;53; 9
Chad;2020-05-11;322; 0;31; 0; 53; 0;238;  0;2020;maj;11;poniedziałek;0,0963;0,1646;0,7391;54;10
Chad;2020-05-12;357;35;40; 9; 76;23;241;  3;2020;maj;12;wtorek;0,1120;0,2129;0,6751;55;11
Chad;2020-05-13;372;15;42; 2; 78; 2;252; 11;2020;maj;13;środa;0,1129;0,2097;0,6774;56;12
Chad;2020-05-14;399;27;46; 4; 83; 5;270; 18;2020;maj;14;czwartek;0,1153;0,2080;0,6767;57;13
Chad;2020-05-15;428;29;48; 2; 88; 5;292; 22;2020;maj;15;piątek;0,1121;0,2056;0,6822;58;14
Chad;2020-05-16;474;46;50; 2;111;23;313; 21;2020;maj;16;sobota;0,1055;0,2342;0,6603;59;15
Chad;2020-05-17;503;29;53; 3;117; 6;333; 20;2020;maj;17;niedziela;0,1054;0,2326;0,6620;60;16
Chad;2020-05-18;519;16;53; 0;117; 0;349; 16;2020;maj;18;poniedziałek;0,1021;0,2254;0,6724;61;17
Chad;2020-05-19;545;26;56; 3;139;22;350;  1;2020;maj;19;wtorek;0,1028;0,2550;0,6422;62;18
Chad;2020-05-20;565;20;57; 1;177;38;331;-19;2020;maj;20;środa;0,1009;0,3133;0,5858;63;19
Chad;2020-05-21;588;23;58; 1;186; 9;344; 13;2020;maj;21;czwartek;0,0986;0,3163;0,5850;64;20
Chad;2020-05-22;611;23;58; 0;196;10;357; 13;2020;maj;22;piątek;0,0949;0,3208;0,5843;65;21
Chad;2020-05-23;648;37;60; 2;204; 8;384; 27;2020;maj;23;sobota;0,0926;0,3148;0,5926;66;22
Chad;2020-05-24;675;27;60; 0;215;11;400; 16;2020;maj;24;niedziela;0,0889;0,3185;0,5926;67;23
Chad;2020-05-25;687;12;61; 1;244;29;382;-18;2020;maj;25;poniedziałek;0,0888;0,3552;0,5560;68;24
Chad;2020-05-26;700;13;62; 1;303;59;335;-47;2020;maj;26;wtorek;0,0886;0,4329;0,4786;69;25
Chad;2020-05-27;715;15;64; 2;359;56;292;-43;2020;maj;27;środa;0,0895;0,5021;0,4084;70;26
Chad;2020-05-28;726;11;65; 1;413;54;248;-44;2020;maj;28;czwartek;0,0895;0,5689;0,3416;71;27
Chad;2020-05-29;759;33;65; 0;444;31;250;  2;2020;maj;29;piątek;0,0856;0,5850;0,3294;72;28
Chad;2020-05-30;759; 0;65; 0;470;26;224;-26;2020;maj;30;sobota;0,0856;0,6192;0,2951;73;29
Chad;2020-05-31;778;19;65; 0;491;21;222; -2;2020;maj;31;niedziela;0,0835;0,6311;0,2853;74;30
Chad;2020-06-01;790;12;66; 1;539;48;185;-37;2020;czerwiec; 1;poniedziałek;0,0835;0,6823;0,2342;75;31
Chad;2020-06-02;803;13;66; 0;562;23;175;-10;2020;czerwiec; 2;wtorek;0,0822;0,6999;0,2179;76;32
Chad;2020-06-03;820;17;66; 0;590;28;164;-11;2020;czerwiec; 3;środa;0,0805;0,7195;0,2000;77;33
Chad;2020-06-04;828; 8;66; 0;633;43;129;-35;2020;czerwiec; 4;czwartek;0,0797;0,7645;0,1558;78;34
Chad;2020-06-05;836; 8;68; 2;657;24;111;-18;2020;czerwiec; 5;piątek;0,0813;0,7859;0,1328;79;35
