Country;Date;Confirmed;New_Confirmed;Deaths;New_Deaths;Recovered;New_Recovered;Active;New_Active;Year;Month;Day;Week_Day;Deaths_Ratio;Recovered_Ratio;Active_Ratio;Day_Since_1st_Confirmed;Day_Since_100st_Confirmed
Colombia;2020-03-06;    1;   1;   0;  0;    0;   0;    1;   1;2020;marzec; 6;piątek;0,0000;0,0000;1,0000;  1; 0
Colombia;2020-03-07;    1;   0;   0;  0;    0;   0;    1;   0;2020;marzec; 7;sobota;0,0000;0,0000;1,0000;  2; 0
Colombia;2020-03-08;    1;   0;   0;  0;    0;   0;    1;   0;2020;marzec; 8;niedziela;0,0000;0,0000;1,0000;  3; 0
Colombia;2020-03-09;    1;   0;   0;  0;    0;   0;    1;   0;2020;marzec; 9;poniedziałek;0,0000;0,0000;1,0000;  4; 0
Colombia;2020-03-10;    3;   2;   0;  0;    0;   0;    3;   2;2020;marzec;10;wtorek;0,0000;0,0000;1,0000;  5; 0
Colombia;2020-03-11;    9;   6;   0;  0;    0;   0;    9;   6;2020;marzec;11;środa;0,0000;0,0000;1,0000;  6; 0
Colombia;2020-03-12;    9;   0;   0;  0;    0;   0;    9;   0;2020;marzec;12;czwartek;0,0000;0,0000;1,0000;  7; 0
Colombia;2020-03-13;   13;   4;   0;  0;    0;   0;   13;   4;2020;marzec;13;piątek;0,0000;0,0000;1,0000;  8; 0
Colombia;2020-03-14;   22;   9;   0;  0;    0;   0;   22;   9;2020;marzec;14;sobota;0,0000;0,0000;1,0000;  9; 0
Colombia;2020-03-15;   34;  12;   0;  0;    0;   0;   34;  12;2020;marzec;15;niedziela;0,0000;0,0000;1,0000; 10; 0
Colombia;2020-03-16;   54;  20;   0;  0;    0;   0;   54;  20;2020;marzec;16;poniedziałek;0,0000;0,0000;1,0000; 11; 0
Colombia;2020-03-17;   65;  11;   0;  0;    1;   1;   64;  10;2020;marzec;17;wtorek;0,0000;0,0154;0,9846; 12; 0
Colombia;2020-03-18;   93;  28;   0;  0;    1;   0;   92;  28;2020;marzec;18;środa;0,0000;0,0108;0,9892; 13; 0
Colombia;2020-03-19;  102;   9;   0;  0;    1;   0;  101;   9;2020;marzec;19;czwartek;0,0000;0,0098;0,9902; 14; 1
Colombia;2020-03-20;  128;  26;   0;  0;    1;   0;  127;  26;2020;marzec;20;piątek;0,0000;0,0078;0,9922; 15; 2
Colombia;2020-03-21;  196;  68;   0;  0;    1;   0;  195;  68;2020;marzec;21;sobota;0,0000;0,0051;0,9949; 16; 3
Colombia;2020-03-22;  231;  35;   2;  2;    3;   2;  226;  31;2020;marzec;22;niedziela;0,0087;0,0130;0,9784; 17; 4
Colombia;2020-03-23;  277;  46;   3;  1;    3;   0;  271;  45;2020;marzec;23;poniedziałek;0,0108;0,0108;0,9783; 18; 5
Colombia;2020-03-24;  378; 101;   3;  0;    6;   3;  369;  98;2020;marzec;24;wtorek;0,0079;0,0159;0,9762; 19; 6
Colombia;2020-03-25;  470;  92;   4;  1;    8;   2;  458;  89;2020;marzec;25;środa;0,0085;0,0170;0,9745; 20; 7
Colombia;2020-03-26;  491;  21;   6;  2;    8;   0;  477;  19;2020;marzec;26;czwartek;0,0122;0,0163;0,9715; 21; 8
Colombia;2020-03-27;  539;  48;   6;  0;   10;   2;  523;  46;2020;marzec;27;piątek;0,0111;0,0186;0,9703; 22; 9
Colombia;2020-03-28;  608;  69;   6;  0;   10;   0;  592;  69;2020;marzec;28;sobota;0,0099;0,0164;0,9737; 23;10
Colombia;2020-03-29;  702;  94;  10;  4;   10;   0;  682;  90;2020;marzec;29;niedziela;0,0142;0,0142;0,9715; 24;11
Colombia;2020-03-30;  798;  96;  12;  2;   15;   5;  771;  89;2020;marzec;30;poniedziałek;0,0150;0,0188;0,9662; 25;12
Colombia;2020-03-31;  906; 108;  16;  4;   31;  16;  859;  88;2020;marzec;31;wtorek;0,0177;0,0342;0,9481; 26;13
Colombia;2020-04-01; 1065; 159;  17;  1;   39;   8; 1009; 150;2020;kwiecień; 1;środa;0,0160;0,0366;0,9474; 27;14
Colombia;2020-04-02; 1161;  96;  19;  2;   55;  16; 1087;  78;2020;kwiecień; 2;czwartek;0,0164;0,0474;0,9363; 28;15
Colombia;2020-04-03; 1267; 106;  25;  6;   55;   0; 1187; 100;2020;kwiecień; 3;piątek;0,0197;0,0434;0,9369; 29;16
Colombia;2020-04-04; 1406; 139;  32;  7;   85;  30; 1289; 102;2020;kwiecień; 4;sobota;0,0228;0,0605;0,9168; 30;17
Colombia;2020-04-05; 1485;  79;  35;  3;   88;   3; 1362;  73;2020;kwiecień; 5;niedziela;0,0236;0,0593;0,9172; 31;18
Colombia;2020-04-06; 1579;  94;  46; 11;   88;   0; 1445;  83;2020;kwiecień; 6;poniedziałek;0,0291;0,0557;0,9151; 32;19
Colombia;2020-04-07; 1780; 201;  50;  4;  100;  12; 1630; 185;2020;kwiecień; 7;wtorek;0,0281;0,0562;0,9157; 33;20
Colombia;2020-04-08; 2054; 274;  54;  4;  123;  23; 1877; 247;2020;kwiecień; 8;środa;0,0263;0,0599;0,9138; 34;21
Colombia;2020-04-09; 2223; 169;  69; 15;  174;  51; 1980; 103;2020;kwiecień; 9;czwartek;0,0310;0,0783;0,8907; 35;22
Colombia;2020-04-10; 2473; 250;  80; 11;  197;  23; 2196; 216;2020;kwiecień;10;piątek;0,0323;0,0797;0,8880; 36;23
Colombia;2020-04-11; 2709; 236; 100; 20;  214;  17; 2395; 199;2020;kwiecień;11;sobota;0,0369;0,0790;0,8841; 37;24
Colombia;2020-04-12; 2776;  67; 109;  9;  270;  56; 2397;   2;2020;kwiecień;12;niedziela;0,0393;0,0973;0,8635; 38;25
Colombia;2020-04-13; 2852;  76; 112;  3;  319;  49; 2421;  24;2020;kwiecień;13;poniedziałek;0,0393;0,1119;0,8489; 39;26
Colombia;2020-04-14; 2979; 127; 127; 15;  354;  35; 2498;  77;2020;kwiecień;14;wtorek;0,0426;0,1188;0,8385; 40;27
Colombia;2020-04-15; 3105; 126; 131;  4;  452;  98; 2522;  24;2020;kwiecień;15;środa;0,0422;0,1456;0,8122; 41;28
Colombia;2020-04-16; 3233; 128; 144; 13;  550;  98; 2539;  17;2020;kwiecień;16;czwartek;0,0445;0,1701;0,7853; 42;29
Colombia;2020-04-17; 3439; 206; 153;  9;  634;  84; 2652; 113;2020;kwiecień;17;piątek;0,0445;0,1844;0,7712; 43;30
Colombia;2020-04-18; 3439;   0; 153;  0;  634;   0; 2652;   0;2020;kwiecień;18;sobota;0,0445;0,1844;0,7712; 44;31
Colombia;2020-04-19; 3792; 353; 179; 26;  711;  77; 2902; 250;2020;kwiecień;19;niedziela;0,0472;0,1875;0,7653; 45;32
Colombia;2020-04-20; 3977; 185; 189; 10;  804;  93; 2984;  82;2020;kwiecień;20;poniedziałek;0,0475;0,2022;0,7503; 46;33
Colombia;2020-04-21; 4149; 172; 196;  7;  804;   0; 3149; 165;2020;kwiecień;21;wtorek;0,0472;0,1938;0,7590; 47;34
Colombia;2020-04-22; 4356; 207; 206; 10;  870;  66; 3280; 131;2020;kwiecień;22;środa;0,0473;0,1997;0,7530; 48;35
Colombia;2020-04-23; 4561; 205; 215;  9;  927;  57; 3419; 139;2020;kwiecień;23;czwartek;0,0471;0,2032;0,7496; 49;36
Colombia;2020-04-24; 4881; 320; 225; 10; 1003;  76; 3653; 234;2020;kwiecień;24;piątek;0,0461;0,2055;0,7484; 50;37
Colombia;2020-04-25; 5142; 261; 233;  8; 1067;  64; 3842; 189;2020;kwiecień;25;sobota;0,0453;0,2075;0,7472; 51;38
Colombia;2020-04-26; 5379; 237; 244; 11; 1133;  66; 4002; 160;2020;kwiecień;26;niedziela;0,0454;0,2106;0,7440; 52;39
Colombia;2020-04-27; 5597; 218; 253;  9; 1210;  77; 4134; 132;2020;kwiecień;27;poniedziałek;0,0452;0,2162;0,7386; 53;40
Colombia;2020-04-28; 5949; 352; 269; 16; 1268;  58; 4412; 278;2020;kwiecień;28;wtorek;0,0452;0,2131;0,7416; 54;41
Colombia;2020-04-29; 6207; 258; 278;  9; 1411; 143; 4518; 106;2020;kwiecień;29;środa;0,0448;0,2273;0,7279; 55;42
Colombia;2020-04-30; 6507; 300; 293; 15; 1439;  28; 4775; 257;2020;kwiecień;30;czwartek;0,0450;0,2211;0,7338; 56;43
Colombia;2020-05-01; 7006; 499; 314; 21; 1551; 112; 5141; 366;2020;maj; 1;piątek;0,0448;0,2214;0,7338; 57;44
Colombia;2020-05-02; 7285; 279; 324; 10; 1666; 115; 5295; 154;2020;maj; 2;sobota;0,0445;0,2287;0,7268; 58;45
Colombia;2020-05-03; 7668; 383; 340; 16; 1722;  56; 5606; 311;2020;maj; 3;niedziela;0,0443;0,2246;0,7311; 59;46
Colombia;2020-05-04; 7973; 305; 358; 18; 1807;  85; 5808; 202;2020;maj; 4;poniedziałek;0,0449;0,2266;0,7285; 60;47
Colombia;2020-05-05; 8613; 640; 378; 20; 2013; 206; 6222; 414;2020;maj; 5;wtorek;0,0439;0,2337;0,7224; 61;48
Colombia;2020-05-06; 8959; 346; 397; 19; 2148; 135; 6414; 192;2020;maj; 6;środa;0,0443;0,2398;0,7159; 62;49
Colombia;2020-05-07; 9456; 497; 407; 10; 2300; 152; 6749; 335;2020;maj; 7;czwartek;0,0430;0,2432;0,7137; 63;50
Colombia;2020-05-08;10051; 595; 428; 21; 2424; 124; 7199; 450;2020;maj; 8;piątek;0,0426;0,2412;0,7162; 64;51
Colombia;2020-05-09;10495; 444; 445; 17; 2569; 145; 7481; 282;2020;maj; 9;sobota;0,0424;0,2448;0,7128; 65;52
Colombia;2020-05-10;11063; 568; 463; 18; 2705; 136; 7895; 414;2020;maj;10;niedziela;0,0419;0,2445;0,7136; 66;53
Colombia;2020-05-11;11613; 550; 479; 16; 2825; 120; 8309; 414;2020;maj;11;poniedziałek;0,0412;0,2433;0,7155; 67;54
Colombia;2020-05-12;12272; 659; 493; 14; 2971; 146; 8808; 499;2020;maj;12;wtorek;0,0402;0,2421;0,7177; 68;55
Colombia;2020-05-13;12930; 658; 509; 16; 3133; 162; 9288; 480;2020;maj;13;środa;0,0394;0,2423;0,7183; 69;56
Colombia;2020-05-14;13610; 680; 525; 16; 3358; 225; 9727; 439;2020;maj;14;czwartek;0,0386;0,2467;0,7147; 70;57
Colombia;2020-05-15;14216; 606; 546; 21; 3460; 102;10210; 483;2020;maj;15;piątek;0,0384;0,2434;0,7182; 71;58
Colombia;2020-05-16;14939; 723; 562; 16; 3587; 127;10790; 580;2020;maj;16;sobota;0,0376;0,2401;0,7223; 72;59
Colombia;2020-05-17;15574; 635; 574; 12; 3751; 164;11249; 459;2020;maj;17;niedziela;0,0369;0,2409;0,7223; 73;60
Colombia;2020-05-18;16295; 721; 592; 18; 3903; 152;11800; 551;2020;maj;18;poniedziałek;0,0363;0,2395;0,7241; 74;61
Colombia;2020-05-19;16935; 640; 613; 21; 4050; 147;12272; 472;2020;maj;19;wtorek;0,0362;0,2391;0,7247; 75;62
Colombia;2020-05-20;17687; 752; 630; 17; 4256; 206;12801; 529;2020;maj;20;środa;0,0356;0,2406;0,7238; 76;63
Colombia;2020-05-21;18330; 643; 652; 22; 4431; 175;13247; 446;2020;maj;21;czwartek;0,0356;0,2417;0,7227; 77;64
Colombia;2020-05-22;19131; 801; 682; 30; 4575; 144;13874; 627;2020;maj;22;piątek;0,0356;0,2391;0,7252; 78;65
Colombia;2020-05-23;20177;1046; 705; 23; 4718; 143;14754; 880;2020;maj;23;sobota;0,0349;0,2338;0,7312; 79;66
Colombia;2020-05-24;21175; 998; 727; 22; 5016; 298;15432; 678;2020;maj;24;niedziela;0,0343;0,2369;0,7288; 80;67
Colombia;2020-05-25;21981; 806; 750; 23; 5265; 249;15966; 534;2020;maj;25;poniedziałek;0,0341;0,2395;0,7264; 81;68
Colombia;2020-05-26;23003;1022; 776; 26; 5511; 246;16716; 750;2020;maj;26;wtorek;0,0337;0,2396;0,7267; 82;69
Colombia;2020-05-27;24104;1101; 803; 27; 6111; 600;17190; 474;2020;maj;27;środa;0,0333;0,2535;0,7132; 83;70
Colombia;2020-05-28;24141;  37; 833; 30; 6132;  21;17176; -14;2020;maj;28;czwartek;0,0345;0,2540;0,7115; 84;71
Colombia;2020-05-29;25406;1265; 855; 22; 6687; 555;17864; 688;2020;maj;29;piątek;0,0337;0,2632;0,7031; 85;72
Colombia;2020-05-30;26734;1328; 891; 36; 6935; 248;18908;1044;2020;maj;30;sobota;0,0333;0,2594;0,7073; 86;73
Colombia;2020-05-31;27219; 485; 916; 25; 7032;  97;19271; 363;2020;maj;31;niedziela;0,0337;0,2583;0,7080; 87;74
Colombia;2020-06-01;29384;2165; 963; 47; 8384;1352;20037; 766;2020;czerwiec; 1;poniedziałek;0,0328;0,2853;0,6819; 88;75
Colombia;2020-06-02;30593;1209;1014; 51; 9689;1305;19890;-147;2020;czerwiec; 2;wtorek;0,0331;0,3167;0,6501; 89;76
Colombia;2020-06-03;31935;1342;1057; 43;11171;1482;19707;-183;2020;czerwiec; 3;środa;0,0331;0,3498;0,6171; 90;77
Colombia;2020-06-04;33466;1531;1099; 42;12319;1148;20048; 341;2020;czerwiec; 4;czwartek;0,0328;0,3681;0,5991; 91;78
Colombia;2020-06-05;36759;3293;1204;105;13670;1351;21885;1837;2020;czerwiec; 5;piątek;0,0328;0,3719;0,5954; 92;79
Colombia;2020-06-06;36759;   0;1204;  0;13670;   0;21885;   0;2020;czerwiec; 6;sobota;0,0328;0,3719;0,5954; 93;80
Colombia;2020-06-07;38149;1390;1265; 61;14414; 744;22470; 585;2020;czerwiec; 7;niedziela;0,0332;0,3778;0,5890; 94;81
Colombia;2020-06-08;40847;2698;1373;108;16459;2045;23015; 545;2020;czerwiec; 8;poniedziałek;0,0336;0,4029;0,5634; 95;82
Colombia;2020-06-09;40847;   0;1373;  0;16459;   0;23015;   0;2020;czerwiec; 9;wtorek;0,0336;0,4029;0,5634; 96;83
Colombia;2020-06-10;42206;1359;1439; 66;16566; 107;24201;1186;2020;czerwiec;10;środa;0,0341;0,3925;0,5734; 97;84
Colombia;2020-06-11;43810;1604;1505; 66;17366; 800;24939; 738;2020;czerwiec;11;czwartek;0,0344;0,3964;0,5693; 98;85
Colombia;2020-06-12;45344;1534;1562; 57;17823; 457;25959;1020;2020;czerwiec;12;piątek;0,0344;0,3931;0,5725; 99;86
Colombia;2020-06-13;46994;1650;1623; 61;18749; 926;26622; 663;2020;czerwiec;13;sobota;0,0345;0,3990;0,5665;100;87
Colombia;2020-06-14;48896;1902;1670; 47;19460; 711;27766;1144;2020;czerwiec;14;niedziela;0,0342;0,3980;0,5679;101;88
Colombia;2020-06-15;53168;4272;1808;138;19985; 525;31375;3609;2020;czerwiec;15;poniedziałek;0,0340;0,3759;0,5901;102;89
Colombia;2020-06-16;53211;  43;1808;  0;19986;   1;31417;  42;2020;czerwiec;16;wtorek;0,0340;0,3756;0,5904;103;90
Colombia;2020-06-17;55083;1872;1887; 79;20400; 414;32796;1379;2020;czerwiec;17;środa;0,0343;0,3704;0,5954;104;91
Colombia;2020-06-18;57202;2119;1955; 68;21361; 961;33886;1090;2020;czerwiec;18;czwartek;0,0342;0,3734;0,5924;105;92
Colombia;2020-06-19;60387;3185;2046; 91;22726;1365;35615;1729;2020;czerwiec;19;piątek;0,0339;0,3763;0,5898;106;93
Colombia;2020-06-20;63454;3067;2148;102;24035;1309;37271;1656;2020;czerwiec;20;sobota;0,0339;0,3788;0,5874;107;94
Colombia;2020-06-21;68836;5382;2353;205;27412;3377;39071;1800;2020;czerwiec;21;niedziela;0,0342;0,3982;0,5676;108;95
Colombia;2020-06-22;71367;2531;2426; 73;29024;1612;39917; 846;2020;czerwiec;22;poniedziałek;0,0340;0,4067;0,5593;109;96
Colombia;2020-06-23;73760;2393;2524; 98;30517;1493;40719; 802;2020;czerwiec;23;wtorek;0,0342;0,4137;0,5520;110;97
