Country;Date;Confirmed;New_Confirmed;Deaths;New_Deaths;Recovered;New_Recovered;Active;New_Active;Year;Month;Day;Week_Day;Deaths_Ratio;Recovered_Ratio;Active_Ratio;Day_Since_1st_Confirmed;Day_Since_100st_Confirmed
Ecuador;2020-03-01;    6;    6;   0;  0;    0;    0;    6;     6;2020;marzec; 1;niedziela;0,0000;0,0000;1,0000;  1; 0
Ecuador;2020-03-02;    6;    0;   0;  0;    0;    0;    6;     0;2020;marzec; 2;poniedziałek;0,0000;0,0000;1,0000;  2; 0
Ecuador;2020-03-03;    7;    1;   0;  0;    0;    0;    7;     1;2020;marzec; 3;wtorek;0,0000;0,0000;1,0000;  3; 0
Ecuador;2020-03-04;   10;    3;   0;  0;    0;    0;   10;     3;2020;marzec; 4;środa;0,0000;0,0000;1,0000;  4; 0
Ecuador;2020-03-05;   13;    3;   0;  0;    0;    0;   13;     3;2020;marzec; 5;czwartek;0,0000;0,0000;1,0000;  5; 0
Ecuador;2020-03-06;   13;    0;   0;  0;    0;    0;   13;     0;2020;marzec; 6;piątek;0,0000;0,0000;1,0000;  6; 0
Ecuador;2020-03-07;   13;    0;   0;  0;    0;    0;   13;     0;2020;marzec; 7;sobota;0,0000;0,0000;1,0000;  7; 0
Ecuador;2020-03-08;   14;    1;   0;  0;    0;    0;   14;     1;2020;marzec; 8;niedziela;0,0000;0,0000;1,0000;  8; 0
Ecuador;2020-03-09;   15;    1;   0;  0;    0;    0;   15;     1;2020;marzec; 9;poniedziałek;0,0000;0,0000;1,0000;  9; 0
Ecuador;2020-03-10;   15;    0;   0;  0;    0;    0;   15;     0;2020;marzec;10;wtorek;0,0000;0,0000;1,0000; 10; 0
Ecuador;2020-03-11;   17;    2;   0;  0;    0;    0;   17;     2;2020;marzec;11;środa;0,0000;0,0000;1,0000; 11; 0
Ecuador;2020-03-12;   17;    0;   0;  0;    0;    0;   17;     0;2020;marzec;12;czwartek;0,0000;0,0000;1,0000; 12; 0
Ecuador;2020-03-13;   17;    0;   0;  0;    0;    0;   17;     0;2020;marzec;13;piątek;0,0000;0,0000;1,0000; 13; 0
Ecuador;2020-03-14;   28;   11;   2;  2;    0;    0;   26;     9;2020;marzec;14;sobota;0,0714;0,0000;0,9286; 14; 0
Ecuador;2020-03-15;   28;    0;   2;  0;    0;    0;   26;     0;2020;marzec;15;niedziela;0,0714;0,0000;0,9286; 15; 0
Ecuador;2020-03-16;   37;    9;   2;  0;    0;    0;   35;     9;2020;marzec;16;poniedziałek;0,0541;0,0000;0,9459; 16; 0
Ecuador;2020-03-17;   58;   21;   2;  0;    0;    0;   56;    21;2020;marzec;17;wtorek;0,0345;0,0000;0,9655; 17; 0
Ecuador;2020-03-18;  111;   53;   2;  0;    0;    0;  109;    53;2020;marzec;18;środa;0,0180;0,0000;0,9820; 18; 1
Ecuador;2020-03-19;  199;   88;   3;  1;    0;    0;  196;    87;2020;marzec;19;czwartek;0,0151;0,0000;0,9849; 19; 2
Ecuador;2020-03-20;  367;  168;   5;  2;    0;    0;  362;   166;2020;marzec;20;piątek;0,0136;0,0000;0,9864; 20; 3
Ecuador;2020-03-21;  506;  139;   7;  2;    3;    3;  496;   134;2020;marzec;21;sobota;0,0138;0,0059;0,9802; 21; 4
Ecuador;2020-03-22;  789;  283;  14;  7;    3;    0;  772;   276;2020;marzec;22;niedziela;0,0177;0,0038;0,9785; 22; 5
Ecuador;2020-03-23;  981;  192;  18;  4;    3;    0;  960;   188;2020;marzec;23;poniedziałek;0,0183;0,0031;0,9786; 23; 6
Ecuador;2020-03-24; 1082;  101;  27;  9;    3;    0; 1052;    92;2020;marzec;24;wtorek;0,0250;0,0028;0,9723; 24; 7
Ecuador;2020-03-25; 1173;   91;  28;  1;    3;    0; 1142;    90;2020;marzec;25;środa;0,0239;0,0026;0,9736; 25; 8
Ecuador;2020-03-26; 1403;  230;  34;  6;    3;    0; 1366;   224;2020;marzec;26;czwartek;0,0242;0,0021;0,9736; 26; 9
Ecuador;2020-03-27; 1595;  192;  36;  2;    3;    0; 1556;   190;2020;marzec;27;piątek;0,0226;0,0019;0,9755; 27;10
Ecuador;2020-03-28; 1823;  228;  48; 12;    3;    0; 1772;   216;2020;marzec;28;sobota;0,0263;0,0016;0,9720; 28;11
Ecuador;2020-03-29; 1924;  101;  58; 10;    3;    0; 1863;    91;2020;marzec;29;niedziela;0,0301;0,0016;0,9683; 29;12
Ecuador;2020-03-30; 1962;   38;  60;  2;    3;    0; 1899;    36;2020;marzec;30;poniedziałek;0,0306;0,0015;0,9679; 30;13
Ecuador;2020-03-31; 2240;  278;  75; 15;   54;   51; 2111;   212;2020;marzec;31;wtorek;0,0335;0,0241;0,9424; 31;14
Ecuador;2020-04-01; 2748;  508;  93; 18;   58;    4; 2597;   486;2020;kwiecień; 1;środa;0,0338;0,0211;0,9451; 32;15
Ecuador;2020-04-02; 3163;  415; 120; 27;   65;    7; 2978;   381;2020;kwiecień; 2;czwartek;0,0379;0,0206;0,9415; 33;16
Ecuador;2020-04-03; 3368;  205; 145; 25;   65;    0; 3158;   180;2020;kwiecień; 3;piątek;0,0431;0,0193;0,9376; 34;17
Ecuador;2020-04-04; 3465;   97; 172; 27;  100;   35; 3193;    35;2020;kwiecień; 4;sobota;0,0496;0,0289;0,9215; 35;18
Ecuador;2020-04-05; 3646;  181; 180;  8;  100;    0; 3366;   173;2020;kwiecień; 5;niedziela;0,0494;0,0274;0,9232; 36;19
Ecuador;2020-04-06; 3747;  101; 191; 11;  100;    0; 3456;    90;2020;kwiecień; 6;poniedziałek;0,0510;0,0267;0,9223; 37;20
Ecuador;2020-04-07; 3747;    0; 191;  0;  100;    0; 3456;     0;2020;kwiecień; 7;wtorek;0,0510;0,0267;0,9223; 38;21
Ecuador;2020-04-08; 4450;  703; 242; 51;  140;   40; 4068;   612;2020;kwiecień; 8;środa;0,0544;0,0315;0,9142; 39;22
Ecuador;2020-04-09; 4965;  515; 272; 30;  339;  199; 4354;   286;2020;kwiecień; 9;czwartek;0,0548;0,0683;0,8769; 40;23
Ecuador;2020-04-10; 7161; 2196; 297; 25;  368;   29; 6496;  2142;2020;kwiecień;10;piątek;0,0415;0,0514;0,9071; 41;24
Ecuador;2020-04-11; 7257;   96; 315; 18;  411;   43; 6531;    35;2020;kwiecień;11;sobota;0,0434;0,0566;0,9000; 42;25
Ecuador;2020-04-12; 7466;  209; 333; 18;  501;   90; 6632;   101;2020;kwiecień;12;niedziela;0,0446;0,0671;0,8883; 43;26
Ecuador;2020-04-13; 7529;   63; 355; 22;  597;   96; 6577;   -55;2020;kwiecień;13;poniedziałek;0,0472;0,0793;0,8736; 44;27
Ecuador;2020-04-14; 7603;   74; 369; 14;  696;   99; 6538;   -39;2020;kwiecień;14;wtorek;0,0485;0,0915;0,8599; 45;28
Ecuador;2020-04-15; 7858;  255; 388; 19;  780;   84; 6690;   152;2020;kwiecień;15;środa;0,0494;0,0993;0,8514; 46;29
Ecuador;2020-04-16; 8225;  367; 403; 15;  838;   58; 6984;   294;2020;kwiecień;16;czwartek;0,0490;0,1019;0,8491; 47;30
Ecuador;2020-04-17; 8450;  225; 421; 18;  838;    0; 7191;   207;2020;kwiecień;17;piątek;0,0498;0,0992;0,8510; 48;31
Ecuador;2020-04-18; 9022;  572; 456; 35; 1008;  170; 7558;   367;2020;kwiecień;18;sobota;0,0505;0,1117;0,8377; 49;32
Ecuador;2020-04-19; 9468;  446; 474; 18; 1061;   53; 7933;   375;2020;kwiecień;19;niedziela;0,0501;0,1121;0,8379; 50;33
Ecuador;2020-04-20;10128;  660; 507; 33; 1150;   89; 8471;   538;2020;kwiecień;20;poniedziałek;0,0501;0,1135;0,8364; 51;34
Ecuador;2020-04-21;10398;  270; 520; 13; 1207;   57; 8671;   200;2020;kwiecień;21;wtorek;0,0500;0,1161;0,8339; 52;35
Ecuador;2020-04-22;10850;  452; 537; 17; 1262;   55; 9051;   380;2020;kwiecień;22;środa;0,0495;0,1163;0,8342; 53;36
Ecuador;2020-04-23;11183;  333; 560; 23; 1328;   66; 9295;   244;2020;kwiecień;23;czwartek;0,0501;0,1188;0,8312; 54;37
Ecuador;2020-04-24;22719;11536; 576; 16; 1366;   38;20777; 11482;2020;kwiecień;24;piątek;0,0254;0,0601;0,9145; 55;38
Ecuador;2020-04-25;22719;    0; 576;  0; 1366;    0;20777;     0;2020;kwiecień;25;sobota;0,0254;0,0601;0,9145; 56;39
Ecuador;2020-04-26;22719;    0; 576;  0; 1366;    0;20777;     0;2020;kwiecień;26;niedziela;0,0254;0,0601;0,9145; 57;40
Ecuador;2020-04-27;23240;  521; 663; 87; 1557;  191;21020;   243;2020;kwiecień;27;poniedziałek;0,0285;0,0670;0,9045; 58;41
Ecuador;2020-04-28;24258; 1018; 871;208; 1557;    0;21830;   810;2020;kwiecień;28;wtorek;0,0359;0,0642;0,8999; 59;42
Ecuador;2020-04-29;24675;  417; 883; 12; 1557;    0;22235;   405;2020;kwiecień;29;środa;0,0358;0,0631;0,9011; 60;43
Ecuador;2020-04-30;24934;  259; 900; 17; 1558;    1;22476;   241;2020;kwiecień;30;czwartek;0,0361;0,0625;0,9014; 61;44
Ecuador;2020-05-01;26336; 1402;1063;163; 1913;  355;23360;   884;2020;maj; 1;piątek;0,0404;0,0726;0,8870; 62;45
Ecuador;2020-05-02;27464; 1128;1371;308; 2132;  219;23961;   601;2020;maj; 2;sobota;0,0499;0,0776;0,8725; 63;46
Ecuador;2020-05-03;29538; 2074;1564;193; 3300; 1168;24674;   713;2020;maj; 3;niedziela;0,0529;0,1117;0,8353; 64;47
Ecuador;2020-05-04;31881; 2343;1569;  5; 3433;  133;26879;  2205;2020;maj; 4;poniedziałek;0,0492;0,1077;0,8431; 65;48
Ecuador;2020-05-05;31881;    0;1569;  0; 3433;    0;26879;     0;2020;maj; 5;wtorek;0,0492;0,1077;0,8431; 66;49
Ecuador;2020-05-06;31881;    0;1618; 49; 3433;    0;26830;   -49;2020;maj; 6;środa;0,0508;0,1077;0,8416; 67;50
Ecuador;2020-05-07;30298;-1583;1654; 36; 3433;    0;25211; -1619;2020;maj; 7;czwartek;0,0546;0,1133;0,8321; 68;51
Ecuador;2020-05-08;28818;-1480;1704; 50; 3433;    0;23681; -1530;2020;maj; 8;piątek;0,0591;0,1191;0,8217; 69;52
Ecuador;2020-05-09;29071;  253;1717; 13; 3433;    0;23921;   240;2020;maj; 9;sobota;0,0591;0,1181;0,8228; 70;53
Ecuador;2020-05-10;29559;  488;2127;410; 3433;    0;23999;    78;2020;maj;10;niedziela;0,0720;0,1161;0,8119; 71;54
Ecuador;2020-05-11;29509;  -50;2145; 18; 3433;    0;23931;   -68;2020;maj;11;poniedziałek;0,0727;0,1163;0,8110; 72;55
Ecuador;2020-05-12;30419;  910;2327;182; 3433;    0;24659;   728;2020;maj;12;wtorek;0,0765;0,1129;0,8106; 73;56
Ecuador;2020-05-13;30486;   67;2334;  7; 3433;    0;24719;    60;2020;maj;13;środa;0,0766;0,1126;0,8108; 74;57
Ecuador;2020-05-14;30502;   16;2338;  4; 3433;    0;24731;    12;2020;maj;14;czwartek;0,0767;0,1125;0,8108; 75;58
Ecuador;2020-05-15;31467;  965;2594;256; 3433;    0;25440;   709;2020;maj;15;piątek;0,0824;0,1091;0,8085; 76;59
Ecuador;2020-05-16;32763; 1296;2688; 94; 3433;    0;26642;  1202;2020;maj;16;sobota;0,0820;0,1048;0,8132; 77;60
Ecuador;2020-05-17;33182;  419;2736; 48; 3433;    0;27013;   371;2020;maj;17;niedziela;0,0825;0,1035;0,8141; 78;61
Ecuador;2020-05-18;33582;  400;2799; 63; 3433;    0;27350;   337;2020;maj;18;poniedziałek;0,0833;0,1022;0,8144; 79;62
Ecuador;2020-05-19;34151;  569;2839; 40; 3457;   24;27855;   505;2020;maj;19;wtorek;0,0831;0,1012;0,8156; 80;63
Ecuador;2020-05-20;34854;  703;2888; 49; 3557;  100;28409;   554;2020;maj;20;środa;0,0829;0,1021;0,8151; 81;64
Ecuador;2020-05-21;35306;  452;2939; 51; 3557;    0;28810;   401;2020;maj;21;czwartek;0,0832;0,1007;0,8160; 82;65
Ecuador;2020-05-22;35828;  522;3056;117; 3557;    0;29215;   405;2020;maj;22;piątek;0,0853;0,0993;0,8154; 83;66
Ecuador;2020-05-23;36258;  430;3096; 40; 3557;    0;29605;   390;2020;maj;23;sobota;0,0854;0,0981;0,8165; 84;67
Ecuador;2020-05-24;36756;  498;3108; 12; 3560;    3;30088;   483;2020;maj;24;niedziela;0,0846;0,0969;0,8186; 85;68
Ecuador;2020-05-25;37355;  599;3203; 95;18003;14443;16149;-13939;2020;maj;25;poniedziałek;0,0857;0,4819;0,4323; 86;69
Ecuador;2020-05-26;37355;    0;3203;  0;18003;    0;16149;     0;2020;maj;26;wtorek;0,0857;0,4819;0,4323; 87;70
Ecuador;2020-05-27;38103;  748;3275; 72;18425;  422;16403;   254;2020;maj;27;środa;0,0860;0,4836;0,4305; 88;71
Ecuador;2020-05-28;38471;  368;3313; 38;18425;    0;16733;   330;2020;maj;28;czwartek;0,0861;0,4789;0,4350; 89;72
Ecuador;2020-05-29;38571;  100;3334; 21;19190;  765;16047;  -686;2020;maj;29;piątek;0,0864;0,4975;0,4160; 90;73
Ecuador;2020-05-30;38571;    0;3334;  0;19190;    0;16047;     0;2020;maj;30;sobota;0,0864;0,4975;0,4160; 91;74
Ecuador;2020-05-31;39098;  527;3358; 24;19592;  402;16148;   101;2020;maj;31;niedziela;0,0859;0,5011;0,4130; 92;75
Ecuador;2020-06-01;39098;    0;3358;  0;19592;    0;16148;     0;2020;czerwiec; 1;poniedziałek;0,0859;0,5011;0,4130; 93;76
Ecuador;2020-06-02;40414; 1316;3438; 80;20019;  427;16957;   809;2020;czerwiec; 2;wtorek;0,0851;0,4953;0,4196; 94;77
Ecuador;2020-06-03;40966;  552;3486; 48;20019;    0;17461;   504;2020;czerwiec; 3;środa;0,0851;0,4887;0,4262; 95;78
Ecuador;2020-06-04;40966;    0;3486;  0;20019;    0;17461;     0;2020;czerwiec; 4;czwartek;0,0851;0,4887;0,4262; 96;79
Ecuador;2020-06-05;41575;  609;3534; 48;20568;  549;17473;    12;2020;czerwiec; 5;piątek;0,0850;0,4947;0,4203; 97;80
Ecuador;2020-06-06;42728; 1153;3608; 74;21020;  452;18100;   627;2020;czerwiec; 6;sobota;0,0844;0,4919;0,4236; 98;81
Ecuador;2020-06-07;43120;  392;3621; 13;21020;    0;18479;   379;2020;czerwiec; 7;niedziela;0,0840;0,4875;0,4285; 99;82
Ecuador;2020-06-08;43378;  258;3642; 21;21020;    0;18716;   237;2020;czerwiec; 8;poniedziałek;0,0840;0,4846;0,4315;100;83
Ecuador;2020-06-09;43917;  539;3690; 48;21020;    0;19207;   491;2020;czerwiec; 9;wtorek;0,0840;0,4786;0,4373;101;84
Ecuador;2020-06-10;44440;  523;3720; 30;21862;  842;18858;  -349;2020;czerwiec;10;środa;0,0837;0,4919;0,4243;102;85
Ecuador;2020-06-11;44440;    0;3720;  0;21862;    0;18858;     0;2020;czerwiec;11;czwartek;0,0837;0,4919;0,4243;103;86
Ecuador;2020-06-12;45778; 1338;3828;108;22679;  817;19271;   413;2020;czerwiec;12;piątek;0,0836;0,4954;0,4210;104;87
Ecuador;2020-06-13;46356;  578;3874; 46;22865;  186;19617;   346;2020;czerwiec;13;sobota;0,0836;0,4932;0,4232;105;88
Ecuador;2020-06-14;46751;  395;3896; 22;23064;  199;19791;   174;2020;czerwiec;14;niedziela;0,0833;0,4933;0,4233;106;89
Ecuador;2020-06-15;47322;  571;3929; 33;23349;  285;20044;   253;2020;czerwiec;15;poniedziałek;0,0830;0,4934;0,4236;107;90
Ecuador;2020-06-16;47943;  621;3970; 41;23684;  335;20289;   245;2020;czerwiec;16;wtorek;0,0828;0,4940;0,4232;108;91
Ecuador;2020-06-17;48490;  547;4007; 37;23881;  197;20602;   313;2020;czerwiec;17;środa;0,0826;0,4925;0,4249;109;92
Ecuador;2020-06-18;49097;  607;4087; 80;24123;  242;20887;   285;2020;czerwiec;18;czwartek;0,0832;0,4913;0,4254;110;93
Ecuador;2020-06-19;49731;  634;4156; 69;24446;  323;21129;   242;2020;czerwiec;19;piątek;0,0836;0,4916;0,4249;111;94
Ecuador;2020-06-20;49731;    0;4156;  0;24446;    0;21129;     0;2020;czerwiec;20;sobota;0,0836;0,4916;0,4249;112;95
Ecuador;2020-06-21;50640;  909;4223; 67;24991;  545;21426;   297;2020;czerwiec;21;niedziela;0,0834;0,4935;0,4231;113;96
Ecuador;2020-06-22;50640;    0;4223;  0;24991;    0;21426;     0;2020;czerwiec;22;poniedziałek;0,0834;0,4935;0,4231;114;97
Ecuador;2020-06-23;51643; 1003;4274; 51;24991;    0;22378;   952;2020;czerwiec;23;wtorek;0,0828;0,4839;0,4333;115;98
