Country;Date;Confirmed;New_Confirmed;Deaths;New_Deaths;Recovered;New_Recovered;Active;New_Active;Year;Month;Day;Week_Day;Deaths_Ratio;Recovered_Ratio;Active_Ratio;Day_Since_1st_Confirmed;Day_Since_100st_Confirmed
Egypt;2020-02-14;    1;   1;   0; 0;   0;  0;    1;   1;2020;luty;14;piątek;0,0000;0,0000;1,0000;  1; 0
Egypt;2020-02-15;    1;   0;   0; 0;   0;  0;    1;   0;2020;luty;15;sobota;0,0000;0,0000;1,0000;  2; 0
Egypt;2020-02-16;    1;   0;   0; 0;   0;  0;    1;   0;2020;luty;16;niedziela;0,0000;0,0000;1,0000;  3; 0
Egypt;2020-02-17;    1;   0;   0; 0;   0;  0;    1;   0;2020;luty;17;poniedziałek;0,0000;0,0000;1,0000;  4; 0
Egypt;2020-02-18;    1;   0;   0; 0;   0;  0;    1;   0;2020;luty;18;wtorek;0,0000;0,0000;1,0000;  5; 0
Egypt;2020-02-19;    1;   0;   0; 0;   0;  0;    1;   0;2020;luty;19;środa;0,0000;0,0000;1,0000;  6; 0
Egypt;2020-02-20;    1;   0;   0; 0;   0;  0;    1;   0;2020;luty;20;czwartek;0,0000;0,0000;1,0000;  7; 0
Egypt;2020-02-21;    1;   0;   0; 0;   0;  0;    1;   0;2020;luty;21;piątek;0,0000;0,0000;1,0000;  8; 0
Egypt;2020-02-22;    1;   0;   0; 0;   0;  0;    1;   0;2020;luty;22;sobota;0,0000;0,0000;1,0000;  9; 0
Egypt;2020-02-23;    1;   0;   0; 0;   0;  0;    1;   0;2020;luty;23;niedziela;0,0000;0,0000;1,0000; 10; 0
Egypt;2020-02-24;    1;   0;   0; 0;   0;  0;    1;   0;2020;luty;24;poniedziałek;0,0000;0,0000;1,0000; 11; 0
Egypt;2020-02-25;    1;   0;   0; 0;   0;  0;    1;   0;2020;luty;25;wtorek;0,0000;0,0000;1,0000; 12; 0
Egypt;2020-02-26;    1;   0;   0; 0;   0;  0;    1;   0;2020;luty;26;środa;0,0000;0,0000;1,0000; 13; 0
Egypt;2020-02-27;    1;   0;   0; 0;   0;  0;    1;   0;2020;luty;27;czwartek;0,0000;0,0000;1,0000; 14; 0
Egypt;2020-02-28;    1;   0;   0; 0;   1;  1;    0;  -1;2020;luty;28;piątek;0,0000;1,0000;0,0000; 15; 0
Egypt;2020-02-29;    1;   0;   0; 0;   1;  0;    0;   0;2020;luty;29;sobota;0,0000;1,0000;0,0000; 16; 0
Egypt;2020-03-01;    2;   1;   0; 0;   1;  0;    1;   1;2020;marzec; 1;niedziela;0,0000;0,5000;0,5000; 17; 0
Egypt;2020-03-02;    2;   0;   0; 0;   1;  0;    1;   0;2020;marzec; 2;poniedziałek;0,0000;0,5000;0,5000; 18; 0
Egypt;2020-03-03;    2;   0;   0; 0;   1;  0;    1;   0;2020;marzec; 3;wtorek;0,0000;0,5000;0,5000; 19; 0
Egypt;2020-03-04;    2;   0;   0; 0;   1;  0;    1;   0;2020;marzec; 4;środa;0,0000;0,5000;0,5000; 20; 0
Egypt;2020-03-05;    3;   1;   0; 0;   1;  0;    2;   1;2020;marzec; 5;czwartek;0,0000;0,3333;0,6667; 21; 0
Egypt;2020-03-06;   15;  12;   0; 0;   1;  0;   14;  12;2020;marzec; 6;piątek;0,0000;0,0667;0,9333; 22; 0
Egypt;2020-03-07;   15;   0;   0; 0;   1;  0;   14;   0;2020;marzec; 7;sobota;0,0000;0,0667;0,9333; 23; 0
Egypt;2020-03-08;   49;  34;   1; 1;   1;  0;   47;  33;2020;marzec; 8;niedziela;0,0204;0,0204;0,9592; 24; 0
Egypt;2020-03-09;   55;   6;   1; 0;   1;  0;   53;   6;2020;marzec; 9;poniedziałek;0,0182;0,0182;0,9636; 25; 0
Egypt;2020-03-10;   59;   4;   1; 0;   1;  0;   57;   4;2020;marzec;10;wtorek;0,0169;0,0169;0,9661; 26; 0
Egypt;2020-03-11;   60;   1;   1; 0;  27; 26;   32; -25;2020;marzec;11;środa;0,0167;0,4500;0,5333; 27; 0
Egypt;2020-03-12;   67;   7;   1; 0;  27;  0;   39;   7;2020;marzec;12;czwartek;0,0149;0,4030;0,5821; 28; 0
Egypt;2020-03-13;   80;  13;   2; 1;  27;  0;   51;  12;2020;marzec;13;piątek;0,0250;0,3375;0,6375; 29; 0
Egypt;2020-03-14;  109;  29;   2; 0;  27;  0;   80;  29;2020;marzec;14;sobota;0,0183;0,2477;0,7339; 30; 1
Egypt;2020-03-15;  110;   1;   2; 0;  21; -6;   87;   7;2020;marzec;15;niedziela;0,0182;0,1909;0,7909; 31; 2
Egypt;2020-03-16;  150;  40;   2; 0;  27;  6;  121;  34;2020;marzec;16;poniedziałek;0,0133;0,1800;0,8067; 32; 3
Egypt;2020-03-17;  196;  46;   4; 2;  32;  5;  160;  39;2020;marzec;17;wtorek;0,0204;0,1633;0,8163; 33; 4
Egypt;2020-03-18;  196;   0;   6; 2;  32;  0;  158;  -2;2020;marzec;18;środa;0,0306;0,1633;0,8061; 34; 5
Egypt;2020-03-19;  256;  60;   6; 0;  32;  0;  218;  60;2020;marzec;19;czwartek;0,0234;0,1250;0,8516; 35; 6
Egypt;2020-03-20;  285;  29;   8; 2;  39;  7;  238;  20;2020;marzec;20;piątek;0,0281;0,1368;0,8351; 36; 7
Egypt;2020-03-21;  294;   9;  10; 2;  41;  2;  243;   5;2020;marzec;21;sobota;0,0340;0,1395;0,8265; 37; 8
Egypt;2020-03-22;  327;  33;  14; 4;  56; 15;  257;  14;2020;marzec;22;niedziela;0,0428;0,1713;0,7859; 38; 9
Egypt;2020-03-23;  366;  39;  19; 5;  56;  0;  291;  34;2020;marzec;23;poniedziałek;0,0519;0,1530;0,7951; 39;10
Egypt;2020-03-24;  402;  36;  20; 1;  80; 24;  302;  11;2020;marzec;24;wtorek;0,0498;0,1990;0,7512; 40;11
Egypt;2020-03-25;  456;  54;  21; 1;  95; 15;  340;  38;2020;marzec;25;środa;0,0461;0,2083;0,7456; 41;12
Egypt;2020-03-26;  495;  39;  24; 3; 102;  7;  369;  29;2020;marzec;26;czwartek;0,0485;0,2061;0,7455; 42;13
Egypt;2020-03-27;  536;  41;  30; 6; 116; 14;  390;  21;2020;marzec;27;piątek;0,0560;0,2164;0,7276; 43;14
Egypt;2020-03-28;  576;  40;  36; 6; 121;  5;  419;  29;2020;marzec;28;sobota;0,0625;0,2101;0,7274; 44;15
Egypt;2020-03-29;  609;  33;  40; 4; 132; 11;  437;  18;2020;marzec;29;niedziela;0,0657;0,2167;0,7176; 45;16
Egypt;2020-03-30;  656;  47;  41; 1; 150; 18;  465;  28;2020;marzec;30;poniedziałek;0,0625;0,2287;0,7088; 46;17
Egypt;2020-03-31;  710;  54;  46; 5; 157;  7;  507;  42;2020;marzec;31;wtorek;0,0648;0,2211;0,7141; 47;18
Egypt;2020-04-01;  779;  69;  52; 6; 179; 22;  548;  41;2020;kwiecień; 1;środa;0,0668;0,2298;0,7035; 48;19
Egypt;2020-04-02;  865;  86;  58; 6; 201; 22;  606;  58;2020;kwiecień; 2;czwartek;0,0671;0,2324;0,7006; 49;20
Egypt;2020-04-03;  985; 120;  66; 8; 216; 15;  703;  97;2020;kwiecień; 3;piątek;0,0670;0,2193;0,7137; 50;21
Egypt;2020-04-04; 1070;  85;  71; 5; 241; 25;  758;  55;2020;kwiecień; 4;sobota;0,0664;0,2252;0,7084; 51;22
Egypt;2020-04-05; 1173; 103;  78; 7; 247;  6;  848;  90;2020;kwiecień; 5;niedziela;0,0665;0,2106;0,7229; 52;23
Egypt;2020-04-06; 1322; 149;  85; 7; 259; 12;  978; 130;2020;kwiecień; 6;poniedziałek;0,0643;0,1959;0,7398; 53;24
Egypt;2020-04-07; 1450; 128;  94; 9; 276; 17; 1080; 102;2020;kwiecień; 7;wtorek;0,0648;0,1903;0,7448; 54;25
Egypt;2020-04-08; 1560; 110; 103; 9; 305; 29; 1152;  72;2020;kwiecień; 8;środa;0,0660;0,1955;0,7385; 55;26
Egypt;2020-04-09; 1699; 139; 118;15; 348; 43; 1233;  81;2020;kwiecień; 9;czwartek;0,0695;0,2048;0,7257; 56;27
Egypt;2020-04-10; 1794;  95; 135;17; 384; 36; 1275;  42;2020;kwiecień;10;piątek;0,0753;0,2140;0,7107; 57;28
Egypt;2020-04-11; 1939; 145; 146;11; 426; 42; 1367;  92;2020;kwiecień;11;sobota;0,0753;0,2197;0,7050; 58;29
Egypt;2020-04-12; 2065; 126; 159;13; 589;163; 1317; -50;2020;kwiecień;12;niedziela;0,0770;0,2852;0,6378; 59;30
Egypt;2020-04-13; 2190; 125; 164; 5; 589;  0; 1437; 120;2020;kwiecień;13;poniedziałek;0,0749;0,2689;0,6562; 60;31
Egypt;2020-04-14; 2350; 160; 178;14; 589;  0; 1583; 146;2020;kwiecień;14;wtorek;0,0757;0,2506;0,6736; 61;32
Egypt;2020-04-15; 2505; 155; 183; 5; 589;  0; 1733; 150;2020;kwiecień;15;środa;0,0731;0,2351;0,6918; 62;33
Egypt;2020-04-16; 2673; 168; 196;13; 596;  7; 1881; 148;2020;kwiecień;16;czwartek;0,0733;0,2230;0,7037; 63;34
Egypt;2020-04-17; 2844; 171; 205; 9; 646; 50; 1993; 112;2020;kwiecień;17;piątek;0,0721;0,2271;0,7008; 64;35
Egypt;2020-04-18; 3032; 188; 224;19; 701; 55; 2107; 114;2020;kwiecień;18;sobota;0,0739;0,2312;0,6949; 65;36
Egypt;2020-04-19; 3144; 112; 239;15; 732; 31; 2173;  66;2020;kwiecień;19;niedziela;0,0760;0,2328;0,6912; 66;37
Egypt;2020-04-20; 3333; 189; 250;11; 821; 89; 2262;  89;2020;kwiecień;20;poniedziałek;0,0750;0,2463;0,6787; 67;38
Egypt;2020-04-21; 3490; 157; 264;14; 870; 49; 2356;  94;2020;kwiecień;21;wtorek;0,0756;0,2493;0,6751; 68;39
Egypt;2020-04-22; 3659; 169; 276;12; 935; 65; 2448;  92;2020;kwiecień;22;środa;0,0754;0,2555;0,6690; 69;40
Egypt;2020-04-23; 3891; 232; 287;11;1004; 69; 2600; 152;2020;kwiecień;23;czwartek;0,0738;0,2580;0,6682; 70;41
Egypt;2020-04-24; 4092; 201; 294; 7;1075; 71; 2723; 123;2020;kwiecień;24;piątek;0,0718;0,2627;0,6654; 71;42
Egypt;2020-04-25; 4319; 227; 307;13;1114; 39; 2898; 175;2020;kwiecień;25;sobota;0,0711;0,2579;0,6710; 72;43
Egypt;2020-04-26; 4534; 215; 317;10;1176; 62; 3041; 143;2020;kwiecień;26;niedziela;0,0699;0,2594;0,6707; 73;44
Egypt;2020-04-27; 4782; 248; 337;20;1236; 60; 3209; 168;2020;kwiecień;27;poniedziałek;0,0705;0,2585;0,6711; 74;45
Egypt;2020-04-28; 5042; 260; 359;22;1304; 68; 3379; 170;2020;kwiecień;28;wtorek;0,0712;0,2586;0,6702; 75;46
Egypt;2020-04-29; 5268; 226; 380;21;1335; 31; 3553; 174;2020;kwiecień;29;środa;0,0721;0,2534;0,6744; 76;47
Egypt;2020-04-30; 5537; 269; 392;12;1381; 46; 3764; 211;2020;kwiecień;30;czwartek;0,0708;0,2494;0,6798; 77;48
Egypt;2020-05-01; 5895; 358; 406;14;1460; 79; 4029; 265;2020;maj; 1;piątek;0,0689;0,2477;0,6835; 78;49
Egypt;2020-05-02; 6193; 298; 415; 9;1522; 62; 4256; 227;2020;maj; 2;sobota;0,0670;0,2458;0,6872; 79;50
Egypt;2020-05-03; 6465; 272; 429;14;1562; 40; 4474; 218;2020;maj; 3;niedziela;0,0664;0,2416;0,6920; 80;51
Egypt;2020-05-04; 6813; 348; 436; 7;1632; 70; 4745; 271;2020;maj; 4;poniedziałek;0,0640;0,2395;0,6965; 81;52
Egypt;2020-05-05; 7201; 388; 452;16;1730; 98; 5019; 274;2020;maj; 5;wtorek;0,0628;0,2402;0,6970; 82;53
Egypt;2020-05-06; 7588; 387; 469;17;1815; 85; 5304; 285;2020;maj; 6;środa;0,0618;0,2392;0,6990; 83;54
Egypt;2020-05-07; 7981; 393; 482;13;1887; 72; 5612; 308;2020;maj; 7;czwartek;0,0604;0,2364;0,7032; 84;55
Egypt;2020-05-08; 8476; 495; 503;21;1945; 58; 6028; 416;2020;maj; 8;piątek;0,0593;0,2295;0,7112; 85;56
Egypt;2020-05-09; 8964; 488; 514;11;2002; 57; 6448; 420;2020;maj; 9;sobota;0,0573;0,2233;0,7193; 86;57
Egypt;2020-05-10; 9400; 436; 525;11;2075; 73; 6800; 352;2020;maj;10;niedziela;0,0559;0,2207;0,7234; 87;58
Egypt;2020-05-11; 9746; 346; 533; 8;2172; 97; 7041; 241;2020;maj;11;poniedziałek;0,0547;0,2229;0,7225; 88;59
Egypt;2020-05-12;10093; 347; 544;11;2326;154; 7223; 182;2020;maj;12;wtorek;0,0539;0,2305;0,7156; 89;60
Egypt;2020-05-13;10431; 338; 556;12;2486;160; 7389; 166;2020;maj;13;środa;0,0533;0,2383;0,7084; 90;61
Egypt;2020-05-14;10829; 398; 571;15;2626;140; 7632; 243;2020;maj;14;czwartek;0,0527;0,2425;0,7048; 91;62
Egypt;2020-05-15;11228; 399; 592;21;2799;173; 7837; 205;2020;maj;15;piątek;0,0527;0,2493;0,6980; 92;63
Egypt;2020-05-16;11719; 491; 612;20;2950;151; 8157; 320;2020;maj;16;sobota;0,0522;0,2517;0,6960; 93;64
Egypt;2020-05-17;12229; 510; 630;18;3172;222; 8427; 270;2020;maj;17;niedziela;0,0515;0,2594;0,6891; 94;65
Egypt;2020-05-18;12764; 535; 645;15;3440;268; 8679; 252;2020;maj;18;poniedziałek;0,0505;0,2695;0,6800; 95;66
Egypt;2020-05-19;13484; 720; 659;14;3742;302; 9083; 404;2020;maj;19;wtorek;0,0489;0,2775;0,6736; 96;67
Egypt;2020-05-20;14229; 745; 680;21;3994;252; 9555; 472;2020;maj;20;środa;0,0478;0,2807;0,6715; 97;68
Egypt;2020-05-21;15003; 774; 696;16;4217;223;10090; 535;2020;maj;21;czwartek;0,0464;0,2811;0,6725; 98;69
Egypt;2020-05-22;15786; 783; 707;11;4374;157;10705; 615;2020;maj;22;piątek;0,0448;0,2771;0,6781; 99;70
Egypt;2020-05-23;16513; 727; 735;28;4628;254;11150; 445;2020;maj;23;sobota;0,0445;0,2803;0,6752;100;71
Egypt;2020-05-24;17265; 752; 764;29;4807;179;11694; 544;2020;maj;24;niedziela;0,0443;0,2784;0,6773;101;72
Egypt;2020-05-25;17967; 702; 783;19;4900; 93;12284; 590;2020;maj;25;poniedziałek;0,0436;0,2727;0,6837;102;73
Egypt;2020-05-26;18756; 789; 797;14;5027;127;12932; 648;2020;maj;26;wtorek;0,0425;0,2680;0,6895;103;74
Egypt;2020-05-27;19666; 910; 816;19;5205;178;13645; 713;2020;maj;27;środa;0,0415;0,2647;0,6938;104;75
Egypt;2020-05-28;20793;1127; 845;29;5359;154;14589; 944;2020;maj;28;czwartek;0,0406;0,2577;0,7016;105;76
Egypt;2020-05-29;22082;1289; 879;34;5511;152;15692;1103;2020;maj;29;piątek;0,0398;0,2496;0,7106;106;77
Egypt;2020-05-30;23449;1367; 913;34;5693;182;16843;1151;2020;maj;30;sobota;0,0389;0,2428;0,7183;107;78
Egypt;2020-05-31;24985;1536; 959;46;6037;344;17989;1146;2020;maj;31;niedziela;0,0384;0,2416;0,7200;108;79
Egypt;2020-06-01;26384;1399;1005;46;6447;410;18932; 943;2020;czerwiec; 1;poniedziałek;0,0381;0,2444;0,7176;109;80
Egypt;2020-06-02;27536;1152;1052;47;6827;380;19657; 725;2020;czerwiec; 2;wtorek;0,0382;0,2479;0,7139;110;81
Egypt;2020-06-03;28615;1079;1088;36;7350;523;20177; 520;2020;czerwiec; 3;środa;0,0380;0,2569;0,7051;111;82
Egypt;2020-06-04;29767;1152;1126;38;7756;406;20885; 708;2020;czerwiec; 4;czwartek;0,0378;0,2606;0,7016;112;83
Egypt;2020-06-05;31115;1348;1166;40;8158;402;21791; 906;2020;czerwiec; 5;piątek;0,0375;0,2622;0,7003;113;84
