Country;Date;Confirmed;New_Confirmed;Deaths;New_Deaths;Recovered;New_Recovered;Active;New_Active;Year;Month;Day;Week_Day;Deaths_Ratio;Recovered_Ratio;Active_Ratio;Day_Since_1st_Confirmed;Day_Since_100st_Confirmed
Estonia;2020-02-27;   1;  1; 0;0;   0;  0;   1;   1;2020;luty;27;czwartek;0,0000;0,0000;1,0000;  1;  0
Estonia;2020-02-28;   1;  0; 0;0;   0;  0;   1;   0;2020;luty;28;piątek;0,0000;0,0000;1,0000;  2;  0
Estonia;2020-02-29;   1;  0; 0;0;   0;  0;   1;   0;2020;luty;29;sobota;0,0000;0,0000;1,0000;  3;  0
Estonia;2020-03-01;   1;  0; 0;0;   0;  0;   1;   0;2020;marzec; 1;niedziela;0,0000;0,0000;1,0000;  4;  0
Estonia;2020-03-02;   1;  0; 0;0;   0;  0;   1;   0;2020;marzec; 2;poniedziałek;0,0000;0,0000;1,0000;  5;  0
Estonia;2020-03-03;   2;  1; 0;0;   0;  0;   2;   1;2020;marzec; 3;wtorek;0,0000;0,0000;1,0000;  6;  0
Estonia;2020-03-04;   2;  0; 0;0;   0;  0;   2;   0;2020;marzec; 4;środa;0,0000;0,0000;1,0000;  7;  0
Estonia;2020-03-05;   3;  1; 0;0;   0;  0;   3;   1;2020;marzec; 5;czwartek;0,0000;0,0000;1,0000;  8;  0
Estonia;2020-03-06;  10;  7; 0;0;   0;  0;  10;   7;2020;marzec; 6;piątek;0,0000;0,0000;1,0000;  9;  0
Estonia;2020-03-07;  10;  0; 0;0;   0;  0;  10;   0;2020;marzec; 7;sobota;0,0000;0,0000;1,0000; 10;  0
Estonia;2020-03-08;  10;  0; 0;0;   0;  0;  10;   0;2020;marzec; 8;niedziela;0,0000;0,0000;1,0000; 11;  0
Estonia;2020-03-09;  10;  0; 0;0;   0;  0;  10;   0;2020;marzec; 9;poniedziałek;0,0000;0,0000;1,0000; 12;  0
Estonia;2020-03-10;  12;  2; 0;0;   0;  0;  12;   2;2020;marzec;10;wtorek;0,0000;0,0000;1,0000; 13;  0
Estonia;2020-03-11;  16;  4; 0;0;   0;  0;  16;   4;2020;marzec;11;środa;0,0000;0,0000;1,0000; 14;  0
Estonia;2020-03-12;  16;  0; 0;0;   0;  0;  16;   0;2020;marzec;12;czwartek;0,0000;0,0000;1,0000; 15;  0
Estonia;2020-03-13;  79; 63; 0;0;   0;  0;  79;  63;2020;marzec;13;piątek;0,0000;0,0000;1,0000; 16;  0
Estonia;2020-03-14; 115; 36; 0;0;   0;  0; 115;  36;2020;marzec;14;sobota;0,0000;0,0000;1,0000; 17;  1
Estonia;2020-03-15; 171; 56; 0;0;   1;  1; 170;  55;2020;marzec;15;niedziela;0,0000;0,0058;0,9942; 18;  2
Estonia;2020-03-16; 205; 34; 0;0;   1;  0; 204;  34;2020;marzec;16;poniedziałek;0,0000;0,0049;0,9951; 19;  3
Estonia;2020-03-17; 225; 20; 0;0;   1;  0; 224;  20;2020;marzec;17;wtorek;0,0000;0,0044;0,9956; 20;  4
Estonia;2020-03-18; 258; 33; 0;0;   1;  0; 257;  33;2020;marzec;18;środa;0,0000;0,0039;0,9961; 21;  5
Estonia;2020-03-19; 267;  9; 0;0;   1;  0; 266;   9;2020;marzec;19;czwartek;0,0000;0,0037;0,9963; 22;  6
Estonia;2020-03-20; 283; 16; 0;0;   1;  0; 282;  16;2020;marzec;20;piątek;0,0000;0,0035;0,9965; 23;  7
Estonia;2020-03-21; 306; 23; 0;0;   1;  0; 305;  23;2020;marzec;21;sobota;0,0000;0,0033;0,9967; 24;  8
Estonia;2020-03-22; 326; 20; 0;0;   2;  1; 324;  19;2020;marzec;22;niedziela;0,0000;0,0061;0,9939; 25;  9
Estonia;2020-03-23; 352; 26; 0;0;   2;  0; 350;  26;2020;marzec;23;poniedziałek;0,0000;0,0057;0,9943; 26; 10
Estonia;2020-03-24; 369; 17; 0;0;   7;  5; 362;  12;2020;marzec;24;wtorek;0,0000;0,0190;0,9810; 27; 11
Estonia;2020-03-25; 404; 35; 1;1;   8;  1; 395;  33;2020;marzec;25;środa;0,0025;0,0198;0,9777; 28; 12
Estonia;2020-03-26; 538;134; 1;0;   8;  0; 529; 134;2020;marzec;26;czwartek;0,0019;0,0149;0,9833; 29; 13
Estonia;2020-03-27; 575; 37; 1;0;  11;  3; 563;  34;2020;marzec;27;piątek;0,0017;0,0191;0,9791; 30; 14
Estonia;2020-03-28; 645; 70; 1;0;  20;  9; 624;  61;2020;marzec;28;sobota;0,0016;0,0310;0,9674; 31; 15
Estonia;2020-03-29; 679; 34; 3;2;  20;  0; 656;  32;2020;marzec;29;niedziela;0,0044;0,0295;0,9661; 32; 16
Estonia;2020-03-30; 715; 36; 3;0;  20;  0; 692;  36;2020;marzec;30;poniedziałek;0,0042;0,0280;0,9678; 33; 17
Estonia;2020-03-31; 745; 30; 4;1;  26;  6; 715;  23;2020;marzec;31;wtorek;0,0054;0,0349;0,9597; 34; 18
Estonia;2020-04-01; 779; 34; 5;1;  33;  7; 741;  26;2020;kwiecień; 1;środa;0,0064;0,0424;0,9512; 35; 19
Estonia;2020-04-02; 858; 79;11;6;  45; 12; 802;  61;2020;kwiecień; 2;czwartek;0,0128;0,0524;0,9347; 36; 20
Estonia;2020-04-03; 961;103;12;1;  48;  3; 901;  99;2020;kwiecień; 3;piątek;0,0125;0,0499;0,9376; 37; 21
Estonia;2020-04-04;1039; 78;13;1;  59; 11; 967;  66;2020;kwiecień; 4;sobota;0,0125;0,0568;0,9307; 38; 22
Estonia;2020-04-05;1097; 58;15;2;  62;  3;1020;  53;2020;kwiecień; 5;niedziela;0,0137;0,0565;0,9298; 39; 23
Estonia;2020-04-06;1108; 11;19;4;  62;  0;1027;   7;2020;kwiecień; 6;poniedziałek;0,0171;0,0560;0,9269; 40; 24
Estonia;2020-04-07;1149; 41;21;2;  69;  7;1059;  32;2020;kwiecień; 7;wtorek;0,0183;0,0601;0,9217; 41; 25
Estonia;2020-04-08;1185; 36;24;3;  72;  3;1089;  30;2020;kwiecień; 8;środa;0,0203;0,0608;0,9190; 42; 26
Estonia;2020-04-09;1207; 22;24;0;  83; 11;1100;  11;2020;kwiecień; 9;czwartek;0,0199;0,0688;0,9114; 43; 27
Estonia;2020-04-10;1258; 51;24;0;  93; 10;1141;  41;2020;kwiecień;10;piątek;0,0191;0,0739;0,9070; 44; 28
Estonia;2020-04-11;1304; 46;24;0;  93;  0;1187;  46;2020;kwiecień;11;sobota;0,0184;0,0713;0,9103; 45; 29
Estonia;2020-04-12;1309;  5;25;1;  98;  5;1186;  -1;2020;kwiecień;12;niedziela;0,0191;0,0749;0,9060; 46; 30
Estonia;2020-04-13;1332; 23;28;3; 102;  4;1202;  16;2020;kwiecień;13;poniedziałek;0,0210;0,0766;0,9024; 47; 31
Estonia;2020-04-14;1373; 41;31;3; 115; 13;1227;  25;2020;kwiecień;14;wtorek;0,0226;0,0838;0,8937; 48; 32
Estonia;2020-04-15;1400; 27;35;4; 117;  2;1248;  21;2020;kwiecień;15;środa;0,0250;0,0836;0,8914; 49; 33
Estonia;2020-04-16;1434; 34;36;1; 133; 16;1265;  17;2020;kwiecień;16;czwartek;0,0251;0,0927;0,8821; 50; 34
Estonia;2020-04-17;1459; 25;38;2; 145; 12;1276;  11;2020;kwiecień;17;piątek;0,0260;0,0994;0,8746; 51; 35
Estonia;2020-04-18;1512; 53;38;0; 162; 17;1312;  36;2020;kwiecień;18;sobota;0,0251;0,1071;0,8677; 52; 36
Estonia;2020-04-19;1528; 16;40;2; 164;  2;1324;  12;2020;kwiecień;19;niedziela;0,0262;0,1073;0,8665; 53; 37
Estonia;2020-04-20;1535;  7;40;0; 165;  1;1330;   6;2020;kwiecień;20;poniedziałek;0,0261;0,1075;0,8664; 54; 38
Estonia;2020-04-21;1552; 17;43;3; 169;  4;1340;  10;2020;kwiecień;21;wtorek;0,0277;0,1089;0,8634; 55; 39
Estonia;2020-04-22;1559;  7;44;1; 184; 15;1331;  -9;2020;kwiecień;22;środa;0,0282;0,1180;0,8538; 56; 40
Estonia;2020-04-23;1592; 33;45;1; 192;  8;1355;  24;2020;kwiecień;23;czwartek;0,0283;0,1206;0,8511; 57; 41
Estonia;2020-04-24;1605; 13;46;1; 206; 14;1353;  -2;2020;kwiecień;24;piątek;0,0287;0,1283;0,8430; 58; 42
Estonia;2020-04-25;1635; 30;46;0; 228; 22;1361;   8;2020;kwiecień;25;sobota;0,0281;0,1394;0,8324; 59; 43
Estonia;2020-04-26;1643;  8;49;3; 233;  5;1361;   0;2020;kwiecień;26;niedziela;0,0298;0,1418;0,8284; 60; 44
Estonia;2020-04-27;1647;  4;50;1; 233;  0;1364;   3;2020;kwiecień;27;poniedziałek;0,0304;0,1415;0,8282; 61; 45
Estonia;2020-04-28;1660; 13;50;0; 240;  7;1370;   6;2020;kwiecień;28;wtorek;0,0301;0,1446;0,8253; 62; 46
Estonia;2020-04-29;1666;  6;50;0; 236; -4;1380;  10;2020;kwiecień;29;środa;0,0300;0,1417;0,8283; 63; 47
Estonia;2020-04-30;1689; 23;52;2; 249; 13;1388;   8;2020;kwiecień;30;czwartek;0,0308;0,1474;0,8218; 64; 48
Estonia;2020-05-01;1694;  5;52;0; 253;  4;1389;   1;2020;maj; 1;piątek;0,0307;0,1494;0,8200; 65; 49
Estonia;2020-05-02;1699;  5;53;1; 256;  3;1390;   1;2020;maj; 2;sobota;0,0312;0,1507;0,8181; 66; 50
Estonia;2020-05-03;1700;  1;55;2; 259;  3;1386;  -4;2020;maj; 3;niedziela;0,0324;0,1524;0,8153; 67; 51
Estonia;2020-05-04;1703;  3;55;0; 259;  0;1389;   3;2020;maj; 4;poniedziałek;0,0323;0,1521;0,8156; 68; 52
Estonia;2020-05-05;1711;  8;55;0; 261;  2;1395;   6;2020;maj; 5;wtorek;0,0321;0,1525;0,8153; 69; 53
Estonia;2020-05-06;1713;  2;55;0; 264;  3;1394;  -1;2020;maj; 6;środa;0,0321;0,1541;0,8138; 70; 54
Estonia;2020-05-07;1720;  7;56;1; 273;  9;1391;  -3;2020;maj; 7;czwartek;0,0326;0,1587;0,8087; 71; 55
Estonia;2020-05-08;1725;  5;56;0; 704;431; 965;-426;2020;maj; 8;piątek;0,0325;0,4081;0,5594; 72; 56
Estonia;2020-05-09;1733;  8;60;4; 747; 43; 926; -39;2020;maj; 9;sobota;0,0346;0,4310;0,5343; 73; 57
Estonia;2020-05-10;1739;  6;60;0; 750;  3; 929;   3;2020;maj;10;niedziela;0,0345;0,4313;0,5342; 74; 58
Estonia;2020-05-11;1741;  2;61;1; 751;  1; 929;   0;2020;maj;11;poniedziałek;0,0350;0,4314;0,5336; 75; 59
Estonia;2020-05-12;1746;  5;61;0; 777; 26; 908; -21;2020;maj;12;wtorek;0,0349;0,4450;0,5200; 76; 60
Estonia;2020-05-13;1751;  5;61;0; 777;  0; 913;   5;2020;maj;13;środa;0,0348;0,4437;0,5214; 77; 61
Estonia;2020-05-14;1758;  7;62;1; 909;132; 787;-126;2020;maj;14;czwartek;0,0353;0,5171;0,4477; 78; 62
Estonia;2020-05-15;1766;  8;63;1; 923; 14; 780;  -7;2020;maj;15;piątek;0,0357;0,5227;0,4417; 79; 63
Estonia;2020-05-16;1770;  4;63;0; 934; 11; 773;  -7;2020;maj;16;sobota;0,0356;0,5277;0,4367; 80; 64
Estonia;2020-05-17;1774;  4;63;0; 938;  4; 773;   0;2020;maj;17;niedziela;0,0355;0,5287;0,4357; 81; 65
Estonia;2020-05-18;1784; 10;64;1; 938;  0; 782;   9;2020;maj;18;poniedziałek;0,0359;0,5258;0,4383; 82; 66
Estonia;2020-05-19;1791;  7;64;0; 938;  0; 789;   7;2020;maj;19;wtorek;0,0357;0,5237;0,4405; 83; 67
Estonia;2020-05-20;1794;  3;64;0; 956; 18; 774; -15;2020;maj;20;środa;0,0357;0,5329;0,4314; 84; 68
Estonia;2020-05-21;1800;  6;64;0;1488;532; 248;-526;2020;maj;21;czwartek;0,0356;0,8267;0,1378; 85; 69
Estonia;2020-05-22;1807;  7;64;0;1508; 20; 235; -13;2020;maj;22;piątek;0,0354;0,8345;0,1300; 86; 70
Estonia;2020-05-23;1821; 14;64;0;1526; 18; 231;  -4;2020;maj;23;sobota;0,0351;0,8380;0,1269; 87; 71
Estonia;2020-05-24;1823;  2;64;0;1532;  6; 227;  -4;2020;maj;24;niedziela;0,0351;0,8404;0,1245; 88; 72
Estonia;2020-05-25;1824;  1;65;1;1538;  6; 221;  -6;2020;maj;25;poniedziałek;0,0356;0,8432;0,1212; 89; 73
Estonia;2020-05-26;1834; 10;65;0;1552; 14; 217;  -4;2020;maj;26;wtorek;0,0354;0,8462;0,1183; 90; 74
Estonia;2020-05-27;1840;  6;66;1;1561;  9; 213;  -4;2020;maj;27;środa;0,0359;0,8484;0,1158; 91; 75
Estonia;2020-05-28;1851; 11;66;0;1574; 13; 211;  -2;2020;maj;28;czwartek;0,0357;0,8504;0,1140; 92; 76
Estonia;2020-05-29;1859;  8;67;1;1610; 36; 182; -29;2020;maj;29;piątek;0,0360;0,8661;0,0979; 93; 77
Estonia;2020-05-30;1865;  6;67;0;1622; 12; 176;  -6;2020;maj;30;sobota;0,0359;0,8697;0,0944; 94; 78
Estonia;2020-05-31;1869;  4;68;1;1624;  2; 177;   1;2020;maj;31;niedziela;0,0364;0,8689;0,0947; 95; 79
Estonia;2020-06-01;1870;  1;68;0;1625;  1; 177;   0;2020;czerwiec; 1;poniedziałek;0,0364;0,8690;0,0947; 96; 80
Estonia;2020-06-02;1870;  0;68;0;1632;  7; 170;  -7;2020;czerwiec; 2;wtorek;0,0364;0,8727;0,0909; 97; 81
Estonia;2020-06-03;1880; 10;69;1;1650; 18; 161;  -9;2020;czerwiec; 3;środa;0,0367;0,8777;0,0856; 98; 82
Estonia;2020-06-04;1890; 10;69;0;1663; 13; 158;  -3;2020;czerwiec; 4;czwartek;0,0365;0,8799;0,0836; 99; 83
Estonia;2020-06-05;1910; 20;69;0;1667;  4; 174;  16;2020;czerwiec; 5;piątek;0,0361;0,8728;0,0911;100; 84
Estonia;2020-06-06;1931; 21;69;0;1675;  8; 187;  13;2020;czerwiec; 6;sobota;0,0357;0,8674;0,0968;101; 85
Estonia;2020-06-07;1939;  8;69;0;1681;  6; 189;   2;2020;czerwiec; 7;niedziela;0,0356;0,8669;0,0975;102; 86
Estonia;2020-06-08;1940;  1;69;0;1683;  2; 188;  -1;2020;czerwiec; 8;poniedziałek;0,0356;0,8675;0,0969;103; 87
Estonia;2020-06-09;1947;  7;69;0;1684;  1; 194;   6;2020;czerwiec; 9;wtorek;0,0354;0,8649;0,0996;104; 88
Estonia;2020-06-10;1958; 11;69;0;1690;  6; 199;   5;2020;czerwiec;10;środa;0,0352;0,8631;0,1016;105; 89
Estonia;2020-06-11;1965;  7;69;0;1697;  7; 199;   0;2020;czerwiec;11;czwartek;0,0351;0,8636;0,1013;106; 90
Estonia;2020-06-12;1970;  5;69;0;1703;  6; 198;  -1;2020;czerwiec;12;piątek;0,0350;0,8645;0,1005;107; 91
Estonia;2020-06-13;1973;  3;69;0;1705;  2; 199;   1;2020;czerwiec;13;sobota;0,0350;0,8642;0,1009;108; 92
Estonia;2020-06-14;1973;  0;69;0;1705;  0; 199;   0;2020;czerwiec;14;niedziela;0,0350;0,8642;0,1009;109; 93
Estonia;2020-06-15;1974;  1;69;0;1717; 12; 188; -11;2020;czerwiec;15;poniedziałek;0,0350;0,8698;0,0952;110; 94
Estonia;2020-06-16;1975;  1;69;0;1728; 11; 178; -10;2020;czerwiec;16;wtorek;0,0349;0,8749;0,0901;111; 95
Estonia;2020-06-17;1977;  2;69;0;1743; 15; 165; -13;2020;czerwiec;17;środa;0,0349;0,8816;0,0835;112; 96
Estonia;2020-06-18;1977;  0;69;0;1748;  5; 160;  -5;2020;czerwiec;18;czwartek;0,0349;0,8842;0,0809;113; 97
Estonia;2020-06-19;1979;  2;69;0;1755;  7; 155;  -5;2020;czerwiec;19;piątek;0,0349;0,8868;0,0783;114; 98
Estonia;2020-06-20;1981;  2;69;0;1758;  3; 154;  -1;2020;czerwiec;20;sobota;0,0348;0,8874;0,0777;115; 99
Estonia;2020-06-21;1981;  0;69;0;1764;  6; 148;  -6;2020;czerwiec;21;niedziela;0,0348;0,8905;0,0747;116;100
Estonia;2020-06-22;1981;  0;69;0;1765;  1; 147;  -1;2020;czerwiec;22;poniedziałek;0,0348;0,8910;0,0742;117;101
Estonia;2020-06-23;1982;  1;69;0;1771;  6; 142;  -5;2020;czerwiec;23;wtorek;0,0348;0,8935;0,0716;118;102
