Country;Date;Confirmed;New_Confirmed;Deaths;New_Deaths;Recovered;New_Recovered;Active;New_Active;Year;Month;Day;Week_Day;Deaths_Ratio;Recovered_Ratio;Active_Ratio;Day_Since_1st_Confirmed;Day_Since_100st_Confirmed
Gabon;2020-03-14;   1;  1; 0;0;   0;  0;   1;   1;2020;marzec;14;sobota;0,0000;0,0000;1,0000;  1; 0
Gabon;2020-03-15;   1;  0; 0;0;   0;  0;   1;   0;2020;marzec;15;niedziela;0,0000;0,0000;1,0000;  2; 0
Gabon;2020-03-16;   1;  0; 0;0;   0;  0;   1;   0;2020;marzec;16;poniedziałek;0,0000;0,0000;1,0000;  3; 0
Gabon;2020-03-17;   1;  0; 0;0;   0;  0;   1;   0;2020;marzec;17;wtorek;0,0000;0,0000;1,0000;  4; 0
Gabon;2020-03-18;   1;  0; 0;0;   0;  0;   1;   0;2020;marzec;18;środa;0,0000;0,0000;1,0000;  5; 0
Gabon;2020-03-19;   1;  0; 0;0;   0;  0;   1;   0;2020;marzec;19;czwartek;0,0000;0,0000;1,0000;  6; 0
Gabon;2020-03-20;   3;  2; 1;1;   0;  0;   2;   1;2020;marzec;20;piątek;0,3333;0,0000;0,6667;  7; 0
Gabon;2020-03-21;   4;  1; 1;0;   0;  0;   3;   1;2020;marzec;21;sobota;0,2500;0,0000;0,7500;  8; 0
Gabon;2020-03-22;   5;  1; 1;0;   0;  0;   4;   1;2020;marzec;22;niedziela;0,2000;0,0000;0,8000;  9; 0
Gabon;2020-03-23;   5;  0; 1;0;   0;  0;   4;   0;2020;marzec;23;poniedziałek;0,2000;0,0000;0,8000; 10; 0
Gabon;2020-03-24;   6;  1; 1;0;   0;  0;   5;   1;2020;marzec;24;wtorek;0,1667;0,0000;0,8333; 11; 0
Gabon;2020-03-25;   6;  0; 1;0;   0;  0;   5;   0;2020;marzec;25;środa;0,1667;0,0000;0,8333; 12; 0
Gabon;2020-03-26;   7;  1; 1;0;   0;  0;   6;   1;2020;marzec;26;czwartek;0,1429;0,0000;0,8571; 13; 0
Gabon;2020-03-27;   7;  0; 1;0;   0;  0;   6;   0;2020;marzec;27;piątek;0,1429;0,0000;0,8571; 14; 0
Gabon;2020-03-28;   7;  0; 1;0;   0;  0;   6;   0;2020;marzec;28;sobota;0,1429;0,0000;0,8571; 15; 0
Gabon;2020-03-29;   7;  0; 1;0;   0;  0;   6;   0;2020;marzec;29;niedziela;0,1429;0,0000;0,8571; 16; 0
Gabon;2020-03-30;   7;  0; 1;0;   0;  0;   6;   0;2020;marzec;30;poniedziałek;0,1429;0,0000;0,8571; 17; 0
Gabon;2020-03-31;  16;  9; 1;0;   0;  0;  15;   9;2020;marzec;31;wtorek;0,0625;0,0000;0,9375; 18; 0
Gabon;2020-04-01;  18;  2; 1;0;   0;  0;  17;   2;2020;kwiecień; 1;środa;0,0556;0,0000;0,9444; 19; 0
Gabon;2020-04-02;  21;  3; 1;0;   0;  0;  20;   3;2020;kwiecień; 2;czwartek;0,0476;0,0000;0,9524; 20; 0
Gabon;2020-04-03;  21;  0; 1;0;   1;  1;  19;  -1;2020;kwiecień; 3;piątek;0,0476;0,0476;0,9048; 21; 0
Gabon;2020-04-04;  21;  0; 1;0;   1;  0;  19;   0;2020;kwiecień; 4;sobota;0,0476;0,0476;0,9048; 22; 0
Gabon;2020-04-05;  21;  0; 1;0;   1;  0;  19;   0;2020;kwiecień; 5;niedziela;0,0476;0,0476;0,9048; 23; 0
Gabon;2020-04-06;  24;  3; 1;0;   1;  0;  22;   3;2020;kwiecień; 6;poniedziałek;0,0417;0,0417;0,9167; 24; 0
Gabon;2020-04-07;  30;  6; 1;0;   1;  0;  28;   6;2020;kwiecień; 7;wtorek;0,0333;0,0333;0,9333; 25; 0
Gabon;2020-04-08;  34;  4; 1;0;   1;  0;  32;   4;2020;kwiecień; 8;środa;0,0294;0,0294;0,9412; 26; 0
Gabon;2020-04-09;  44; 10; 1;0;   1;  0;  42;  10;2020;kwiecień; 9;czwartek;0,0227;0,0227;0,9545; 27; 0
Gabon;2020-04-10;  44;  0; 1;0;   1;  0;  42;   0;2020;kwiecień;10;piątek;0,0227;0,0227;0,9545; 28; 0
Gabon;2020-04-11;  46;  2; 1;0;   1;  0;  44;   2;2020;kwiecień;11;sobota;0,0217;0,0217;0,9565; 29; 0
Gabon;2020-04-12;  49;  3; 1;0;   1;  0;  47;   3;2020;kwiecień;12;niedziela;0,0204;0,0204;0,9592; 30; 0
Gabon;2020-04-13;  57;  8; 1;0;   1;  0;  55;   8;2020;kwiecień;13;poniedziałek;0,0175;0,0175;0,9649; 31; 0
Gabon;2020-04-14;  57;  0; 1;0;   1;  0;  55;   0;2020;kwiecień;14;wtorek;0,0175;0,0175;0,9649; 32; 0
Gabon;2020-04-15;  80; 23; 1;0;   4;  3;  75;  20;2020;kwiecień;15;środa;0,0125;0,0500;0,9375; 33; 0
Gabon;2020-04-16;  80;  0; 1;0;   4;  0;  75;   0;2020;kwiecień;16;czwartek;0,0125;0,0500;0,9375; 34; 0
Gabon;2020-04-17; 108; 28; 1;0;   7;  3; 100;  25;2020;kwiecień;17;piątek;0,0093;0,0648;0,9259; 35; 1
Gabon;2020-04-18; 108;  0; 1;0;   7;  0; 100;   0;2020;kwiecień;18;sobota;0,0093;0,0648;0,9259; 36; 2
Gabon;2020-04-19; 109;  1; 1;0;   7;  0; 101;   1;2020;kwiecień;19;niedziela;0,0092;0,0642;0,9266; 37; 3
Gabon;2020-04-20; 120; 11; 1;0;   7;  0; 112;  11;2020;kwiecień;20;poniedziałek;0,0083;0,0583;0,9333; 38; 4
Gabon;2020-04-21; 156; 36; 1;0;  16;  9; 139;  27;2020;kwiecień;21;wtorek;0,0064;0,1026;0,8910; 39; 5
Gabon;2020-04-22; 166; 10; 1;0;  24;  8; 141;   2;2020;kwiecień;22;środa;0,0060;0,1446;0,8494; 40; 6
Gabon;2020-04-23; 167;  1; 2;1;  24;  0; 141;   0;2020;kwiecień;23;czwartek;0,0120;0,1437;0,8443; 41; 7
Gabon;2020-04-24; 172;  5; 3;1;  26;  2; 143;   2;2020;kwiecień;24;piątek;0,0174;0,1512;0,8314; 42; 8
Gabon;2020-04-25; 176;  4; 3;0;  30;  4; 143;   0;2020;kwiecień;25;sobota;0,0170;0,1705;0,8125; 43; 9
Gabon;2020-04-26; 176;  0; 3;0;  30;  0; 143;   0;2020;kwiecień;26;niedziela;0,0170;0,1705;0,8125; 44;10
Gabon;2020-04-27; 211; 35; 3;0;  43; 13; 165;  22;2020;kwiecień;27;poniedziałek;0,0142;0,2038;0,7820; 45;11
Gabon;2020-04-28; 238; 27; 3;0;  53; 10; 182;  17;2020;kwiecień;28;wtorek;0,0126;0,2227;0,7647; 46;12
Gabon;2020-04-29; 276; 38; 3;0;  67; 14; 206;  24;2020;kwiecień;29;środa;0,0109;0,2428;0,7464; 47;13
Gabon;2020-04-30; 276;  0; 3;0;  67;  0; 206;   0;2020;kwiecień;30;czwartek;0,0109;0,2428;0,7464; 48;14
Gabon;2020-05-01; 276;  0; 3;0;  67;  0; 206;   0;2020;maj; 1;piątek;0,0109;0,2428;0,7464; 49;15
Gabon;2020-05-02; 335; 59; 5;2;  85; 18; 245;  39;2020;maj; 2;sobota;0,0149;0,2537;0,7313; 50;16
Gabon;2020-05-03; 335;  0; 5;0;  85;  0; 245;   0;2020;maj; 3;niedziela;0,0149;0,2537;0,7313; 51;17
Gabon;2020-05-04; 367; 32; 6;1;  93;  8; 268;  23;2020;maj; 4;poniedziałek;0,0163;0,2534;0,7302; 52;18
Gabon;2020-05-05; 397; 30; 6;0;  93;  0; 298;  30;2020;maj; 5;wtorek;0,0151;0,2343;0,7506; 53;19
Gabon;2020-05-06; 397;  0; 6;0;  93;  0; 298;   0;2020;maj; 6;środa;0,0151;0,2343;0,7506; 54;20
Gabon;2020-05-07; 504;107; 8;2; 110; 17; 386;  88;2020;maj; 7;czwartek;0,0159;0,2183;0,7659; 55;21
Gabon;2020-05-08; 620;116; 8;0; 110;  0; 502; 116;2020;maj; 8;piątek;0,0129;0,1774;0,8097; 56;22
Gabon;2020-05-09; 661; 41; 8;0; 110;  0; 543;  41;2020;maj; 9;sobota;0,0121;0,1664;0,8215; 57;23
Gabon;2020-05-10; 661;  0; 8;0; 110;  0; 543;   0;2020;maj;10;niedziela;0,0121;0,1664;0,8215; 58;24
Gabon;2020-05-11; 802;141; 9;1; 127; 17; 666; 123;2020;maj;11;poniedziałek;0,0112;0,1584;0,8304; 59;25
Gabon;2020-05-12; 863; 61; 9;0; 137; 10; 717;  51;2020;maj;12;wtorek;0,0104;0,1587;0,8308; 60;26
Gabon;2020-05-13;1004;141; 9;0; 152; 15; 843; 126;2020;maj;13;środa;0,0090;0,1514;0,8396; 61;27
Gabon;2020-05-14;1104;100;10;1; 182; 30; 912;  69;2020;maj;14;czwartek;0,0091;0,1649;0,8261; 62;28
Gabon;2020-05-15;1209;105;10;0; 219; 37; 980;  68;2020;maj;15;piątek;0,0083;0,1811;0,8106; 63;29
Gabon;2020-05-16;1320;111;11;1; 244; 25;1065;  85;2020;maj;16;sobota;0,0083;0,1848;0,8068; 64;30
Gabon;2020-05-17;1320;  0;11;0; 244;  0;1065;   0;2020;maj;17;niedziela;0,0083;0,1848;0,8068; 65;31
Gabon;2020-05-18;1432;112;11;0; 301; 57;1120;  55;2020;maj;18;poniedziałek;0,0077;0,2102;0,7821; 66;32
Gabon;2020-05-19;1502; 70;12;1; 318; 17;1172;  52;2020;maj;19;wtorek;0,0080;0,2117;0,7803; 67;33
Gabon;2020-05-20;1567; 65;12;0; 365; 47;1190;  18;2020;maj;20;środa;0,0077;0,2329;0,7594; 68;34
Gabon;2020-05-21;1567;  0;12;0; 365;  0;1190;   0;2020;maj;21;czwartek;0,0077;0,2329;0,7594; 69;35
Gabon;2020-05-22;1728;161;12;0; 402; 37;1314; 124;2020;maj;22;piątek;0,0069;0,2326;0,7604; 70;36
Gabon;2020-05-23;1934;206;12;0; 459; 57;1463; 149;2020;maj;23;sobota;0,0062;0,2373;0,7565; 71;37
Gabon;2020-05-24;1934;  0;12;0; 459;  0;1463;   0;2020;maj;24;niedziela;0,0062;0,2373;0,7565; 72;38
Gabon;2020-05-25;2135;201;14;2; 562;103;1559;  96;2020;maj;25;poniedziałek;0,0066;0,2632;0,7302; 73;39
Gabon;2020-05-26;2238;103;14;0; 593; 31;1631;  72;2020;maj;26;wtorek;0,0063;0,2650;0,7288; 74;40
Gabon;2020-05-27;2319; 81;14;0; 631; 38;1674;  43;2020;maj;27;środa;0,0060;0,2721;0,7219; 75;41
Gabon;2020-05-28;2431;112;14;0; 668; 37;1749;  75;2020;maj;28;czwartek;0,0058;0,2748;0,7195; 76;42
Gabon;2020-05-29;2613;182;15;1; 709; 41;1889; 140;2020;maj;29;piątek;0,0057;0,2713;0,7229; 77;43
Gabon;2020-05-30;2655; 42;17;2; 722; 13;1916;  27;2020;maj;30;sobota;0,0064;0,2719;0,7217; 78;44
Gabon;2020-05-31;2655;  0;17;0; 722;  0;1916;   0;2020;maj;31;niedziela;0,0064;0,2719;0,7217; 79;45
Gabon;2020-06-01;2655;  0;17;0; 722;  0;1916;   0;2020;czerwiec; 1;poniedziałek;0,0064;0,2719;0,7217; 80;46
Gabon;2020-06-02;2803;148;20;3; 779; 57;2004;  88;2020;czerwiec; 2;wtorek;0,0071;0,2779;0,7149; 81;47
Gabon;2020-06-03;2902; 99;20;0; 801; 22;2081;  77;2020;czerwiec; 3;środa;0,0069;0,2760;0,7171; 82;48
Gabon;2020-06-04;2955; 53;21;1; 818; 17;2116;  35;2020;czerwiec; 4;czwartek;0,0071;0,2768;0,7161; 83;49
Gabon;2020-06-05;3101;146;21;0; 833; 15;2247; 131;2020;czerwiec; 5;piątek;0,0068;0,2686;0,7246; 84;50
Gabon;2020-06-06;3101;  0;21;0; 833;  0;2247;   0;2020;czerwiec; 6;sobota;0,0068;0,2686;0,7246; 85;51
Gabon;2020-06-07;3101;  0;21;0; 833;  0;2247;   0;2020;czerwiec; 7;niedziela;0,0068;0,2686;0,7246; 86;52
Gabon;2020-06-08;3101;  0;21;0; 833;  0;2247;   0;2020;czerwiec; 8;poniedziałek;0,0068;0,2686;0,7246; 87;53
Gabon;2020-06-09;3247;146;21;0; 938;105;2288;  41;2020;czerwiec; 9;wtorek;0,0065;0,2889;0,7047; 88;54
Gabon;2020-06-10;3375;128;22;1; 978; 40;2375;  87;2020;czerwiec;10;środa;0,0065;0,2898;0,7037; 89;55
Gabon;2020-06-11;3463; 88;23;1;1024; 46;2416;  41;2020;czerwiec;11;czwartek;0,0066;0,2957;0,6977; 90;56
Gabon;2020-06-12;3463;  0;23;0;1024;  0;2416;   0;2020;czerwiec;12;piątek;0,0066;0,2957;0,6977; 91;57
Gabon;2020-06-13;3463;  0;23;0;1024;  0;2416;   0;2020;czerwiec;13;sobota;0,0066;0,2957;0,6977; 92;58
Gabon;2020-06-14;3463;  0;23;0;1024;  0;2416;   0;2020;czerwiec;14;niedziela;0,0066;0,2957;0,6977; 93;59
Gabon;2020-06-15;4033;570;27;4;1334;310;2672; 256;2020;czerwiec;15;poniedziałek;0,0067;0,3308;0,6625; 94;60
Gabon;2020-06-16;4114; 81;29;2;1432; 98;2653; -19;2020;czerwiec;16;wtorek;0,0070;0,3481;0,6449; 95;61
Gabon;2020-06-17;4229;115;30;1;1505; 73;2694;  41;2020;czerwiec;17;środa;0,0071;0,3559;0,6370; 96;62
Gabon;2020-06-18;4340;111;32;2;1657;152;2651; -43;2020;czerwiec;18;czwartek;0,0074;0,3818;0,6108; 97;63
Gabon;2020-06-19;4428; 88;34;2;1750; 93;2644;  -7;2020;czerwiec;19;piątek;0,0077;0,3952;0,5971; 98;64
Gabon;2020-06-20;4428;  0;34;0;1750;  0;2644;   0;2020;czerwiec;20;sobota;0,0077;0,3952;0,5971; 99;65
Gabon;2020-06-21;4428;  0;34;0;1750;  0;2644;   0;2020;czerwiec;21;niedziela;0,0077;0,3952;0,5971;100;66
Gabon;2020-06-22;4739;311;39;5;2002;252;2698;  54;2020;czerwiec;22;poniedziałek;0,0082;0,4225;0,5693;101;67
Gabon;2020-06-23;4849;110;39;0;2107;105;2703;   5;2020;czerwiec;23;wtorek;0,0080;0,4345;0,5574;102;68
Gabon;2020-06-24;4956;107;39;0;2177; 70;2740;  37;2020;czerwiec;24;środa;0,0079;0,4393;0,5529;103;69
Gabon;2020-06-25;5087;131;40;1;2270; 93;2777;  37;2020;czerwiec;25;czwartek;0,0079;0,4462;0,5459;104;70
Gabon;2020-06-26;5209;122;40;0;2327; 57;2842;  65;2020;czerwiec;26;piątek;0,0077;0,4467;0,5456;105;71
Gabon;2020-06-27;5209;  0;40;0;2327;  0;2842;   0;2020;czerwiec;27;sobota;0,0077;0,4467;0,5456;106;72
Gabon;2020-06-28;5209;  0;40;0;2327;  0;2842;   0;2020;czerwiec;28;niedziela;0,0077;0,4467;0,5456;107;73
Gabon;2020-06-29;5394;185;42;2;2420; 93;2932;  90;2020;czerwiec;29;poniedziałek;0,0078;0,4486;0,5436;108;74
Gabon;2020-06-30;5394;  0;42;0;2420;  0;2932;   0;2020;czerwiec;30;wtorek;0,0078;0,4486;0,5436;109;75
Gabon;2020-07-01;5513;119;42;0;2508; 88;2963;  31;2020;lipiec; 1;środa;0,0076;0,4549;0,5375;110;76
Gabon;2020-07-02;5513;  0;42;0;2508;  0;2963;   0;2020;lipiec; 2;czwartek;0,0076;0,4549;0,5375;111;77
Gabon;2020-07-03;5620;107;44;2;2555; 47;3021;  58;2020;lipiec; 3;piątek;0,0078;0,4546;0,5375;112;78
Gabon;2020-07-04;5620;  0;44;0;2555;  0;3021;   0;2020;lipiec; 4;sobota;0,0078;0,4546;0,5375;113;79
Gabon;2020-07-05;5620;  0;44;0;2555;  0;3021;   0;2020;lipiec; 5;niedziela;0,0078;0,4546;0,5375;114;80
Gabon;2020-07-06;5743;123;46;2;2574; 19;3123; 102;2020;lipiec; 6;poniedziałek;0,0080;0,4482;0,5438;115;81
Gabon;2020-07-07;5743;  0;46;0;2574;  0;3123;   0;2020;lipiec; 7;wtorek;0,0080;0,4482;0,5438;116;82
Gabon;2020-07-08;5871;128;46;0;2682;108;3143;  20;2020;lipiec; 8;środa;0,0078;0,4568;0,5353;117;83
Gabon;2020-07-09;5871;  0;46;0;2682;  0;3143;   0;2020;lipiec; 9;czwartek;0,0078;0,4568;0,5353;118;84
Gabon;2020-07-10;5942; 71;46;0;3004;322;2892;-251;2020;lipiec;10;piątek;0,0077;0,5056;0,4867;119;85
Gabon;2020-07-11;5942;  0;46;0;3004;  0;2892;   0;2020;lipiec;11;sobota;0,0077;0,5056;0,4867;120;86
Gabon;2020-07-12;5942;  0;46;0;3004;  0;2892;   0;2020;lipiec;12;niedziela;0,0077;0,5056;0,4867;121;87
Gabon;2020-07-13;6026; 84;46;0;3475;471;2505;-387;2020;lipiec;13;poniedziałek;0,0076;0,5767;0,4157;122;88
Gabon;2020-07-14;6026;  0;46;0;3475;  0;2505;   0;2020;lipiec;14;wtorek;0,0076;0,5767;0,4157;123;89
