Country;Date;Confirmed;New_Confirmed;Deaths;New_Deaths;Recovered;New_Recovered;Active;New_Active;Year;Month;Day;Week_Day;Deaths_Ratio;Recovered_Ratio;Active_Ratio;Day_Since_1st_Confirmed;Day_Since_100st_Confirmed
Greece;2020-02-26;   1;  1;  0; 0;   0;  0;   1;   1;2020;luty;26;środa;0,0000;0,0000;1,0000;  1;  0
Greece;2020-02-27;   3;  2;  0; 0;   0;  0;   3;   2;2020;luty;27;czwartek;0,0000;0,0000;1,0000;  2;  0
Greece;2020-02-28;   4;  1;  0; 0;   0;  0;   4;   1;2020;luty;28;piątek;0,0000;0,0000;1,0000;  3;  0
Greece;2020-02-29;   4;  0;  0; 0;   0;  0;   4;   0;2020;luty;29;sobota;0,0000;0,0000;1,0000;  4;  0
Greece;2020-03-01;   7;  3;  0; 0;   0;  0;   7;   3;2020;marzec; 1;niedziela;0,0000;0,0000;1,0000;  5;  0
Greece;2020-03-02;   7;  0;  0; 0;   0;  0;   7;   0;2020;marzec; 2;poniedziałek;0,0000;0,0000;1,0000;  6;  0
Greece;2020-03-03;   7;  0;  0; 0;   0;  0;   7;   0;2020;marzec; 3;wtorek;0,0000;0,0000;1,0000;  7;  0
Greece;2020-03-04;   9;  2;  0; 0;   0;  0;   9;   2;2020;marzec; 4;środa;0,0000;0,0000;1,0000;  8;  0
Greece;2020-03-05;  31; 22;  0; 0;   0;  0;  31;  22;2020;marzec; 5;czwartek;0,0000;0,0000;1,0000;  9;  0
Greece;2020-03-06;  45; 14;  0; 0;   0;  0;  45;  14;2020;marzec; 6;piątek;0,0000;0,0000;1,0000; 10;  0
Greece;2020-03-07;  46;  1;  0; 0;   0;  0;  46;   1;2020;marzec; 7;sobota;0,0000;0,0000;1,0000; 11;  0
Greece;2020-03-08;  73; 27;  0; 0;   0;  0;  73;  27;2020;marzec; 8;niedziela;0,0000;0,0000;1,0000; 12;  0
Greece;2020-03-09;  73;  0;  0; 0;   0;  0;  73;   0;2020;marzec; 9;poniedziałek;0,0000;0,0000;1,0000; 13;  0
Greece;2020-03-10;  89; 16;  0; 0;   0;  0;  89;  16;2020;marzec;10;wtorek;0,0000;0,0000;1,0000; 14;  0
Greece;2020-03-11;  99; 10;  1; 1;   0;  0;  98;   9;2020;marzec;11;środa;0,0101;0,0000;0,9899; 15;  0
Greece;2020-03-12;  99;  0;  1; 0;   0;  0;  98;   0;2020;marzec;12;czwartek;0,0101;0,0000;0,9899; 16;  0
Greece;2020-03-13; 190; 91;  1; 0;   0;  0; 189;  91;2020;marzec;13;piątek;0,0053;0,0000;0,9947; 17;  1
Greece;2020-03-14; 228; 38;  3; 2;   8;  8; 217;  28;2020;marzec;14;sobota;0,0132;0,0351;0,9518; 18;  2
Greece;2020-03-15; 331;103;  4; 1;   8;  0; 319; 102;2020;marzec;15;niedziela;0,0121;0,0242;0,9637; 19;  3
Greece;2020-03-16; 331;  0;  4; 0;   8;  0; 319;   0;2020;marzec;16;poniedziałek;0,0121;0,0242;0,9637; 20;  4
Greece;2020-03-17; 387; 56;  5; 1;   8;  0; 374;  55;2020;marzec;17;wtorek;0,0129;0,0207;0,9664; 21;  5
Greece;2020-03-18; 418; 31;  5; 0;   8;  0; 405;  31;2020;marzec;18;środa;0,0120;0,0191;0,9689; 22;  6
Greece;2020-03-19; 418;  0;  6; 1;   8;  0; 404;  -1;2020;marzec;19;czwartek;0,0144;0,0191;0,9665; 23;  7
Greece;2020-03-20; 495; 77;  6; 0;  19; 11; 470;  66;2020;marzec;20;piątek;0,0121;0,0384;0,9495; 24;  8
Greece;2020-03-21; 530; 35; 13; 7;  19;  0; 498;  28;2020;marzec;21;sobota;0,0245;0,0358;0,9396; 25;  9
Greece;2020-03-22; 624; 94; 15; 2;  19;  0; 590;  92;2020;marzec;22;niedziela;0,0240;0,0304;0,9455; 26; 10
Greece;2020-03-23; 695; 71; 17; 2;  19;  0; 659;  69;2020;marzec;23;poniedziałek;0,0245;0,0273;0,9482; 27; 11
Greece;2020-03-24; 743; 48; 20; 3;  29; 10; 694;  35;2020;marzec;24;wtorek;0,0269;0,0390;0,9341; 28; 12
Greece;2020-03-25; 821; 78; 22; 2;  36;  7; 763;  69;2020;marzec;25;środa;0,0268;0,0438;0,9294; 29; 13
Greece;2020-03-26; 892; 71; 26; 4;  36;  0; 830;  67;2020;marzec;26;czwartek;0,0291;0,0404;0,9305; 30; 14
Greece;2020-03-27; 966; 74; 28; 2;  52; 16; 886;  56;2020;marzec;27;piątek;0,0290;0,0538;0,9172; 31; 15
Greece;2020-03-28;1061; 95; 32; 4;  52;  0; 977;  91;2020;marzec;28;sobota;0,0302;0,0490;0,9208; 32; 16
Greece;2020-03-29;1156; 95; 38; 6;  52;  0;1066;  89;2020;marzec;29;niedziela;0,0329;0,0450;0,9221; 33; 17
Greece;2020-03-30;1212; 56; 43; 5;  52;  0;1117;  51;2020;marzec;30;poniedziałek;0,0355;0,0429;0,9216; 34; 18
Greece;2020-03-31;1314;102; 49; 6;  52;  0;1213;  96;2020;marzec;31;wtorek;0,0373;0,0396;0,9231; 35; 19
Greece;2020-04-01;1415;101; 50; 1;  52;  0;1313; 100;2020;kwiecień; 1;środa;0,0353;0,0367;0,9279; 36; 20
Greece;2020-04-02;1544;129; 53; 3;  61;  9;1430; 117;2020;kwiecień; 2;czwartek;0,0343;0,0395;0,9262; 37; 21
Greece;2020-04-03;1613; 69; 63;10;  78; 17;1472;  42;2020;kwiecień; 3;piątek;0,0391;0,0484;0,9126; 38; 22
Greece;2020-04-04;1673; 60; 68; 5;  78;  0;1527;  55;2020;kwiecień; 4;sobota;0,0406;0,0466;0,9127; 39; 23
Greece;2020-04-05;1735; 62; 73; 5;  78;  0;1584;  57;2020;kwiecień; 5;niedziela;0,0421;0,0450;0,9130; 40; 24
Greece;2020-04-06;1755; 20; 79; 6; 269;191;1407;-177;2020;kwiecień; 6;poniedziałek;0,0450;0,1533;0,8017; 41; 25
Greece;2020-04-07;1832; 77; 81; 2; 269;  0;1482;  75;2020;kwiecień; 7;wtorek;0,0442;0,1468;0,8090; 42; 26
Greece;2020-04-08;1884; 52; 83; 2; 269;  0;1532;  50;2020;kwiecień; 8;środa;0,0441;0,1428;0,8132; 43; 27
Greece;2020-04-09;1955; 71; 87; 4; 269;  0;1599;  67;2020;kwiecień; 9;czwartek;0,0445;0,1376;0,8179; 44; 28
Greece;2020-04-10;2011; 56; 92; 5; 269;  0;1650;  51;2020;kwiecień;10;piątek;0,0457;0,1338;0,8205; 45; 29
Greece;2020-04-11;2081; 70; 93; 1; 269;  0;1719;  69;2020;kwiecień;11;sobota;0,0447;0,1293;0,8260; 46; 30
Greece;2020-04-12;2114; 33; 98; 5; 269;  0;1747;  28;2020;kwiecień;12;niedziela;0,0464;0,1272;0,8264; 47; 31
Greece;2020-04-13;2145; 31; 99; 1; 269;  0;1777;  30;2020;kwiecień;13;poniedziałek;0,0462;0,1254;0,8284; 48; 32
Greece;2020-04-14;2170; 25;101; 2; 269;  0;1800;  23;2020;kwiecień;14;wtorek;0,0465;0,1240;0,8295; 49; 33
Greece;2020-04-15;2192; 22;102; 1; 269;  0;1821;  21;2020;kwiecień;15;środa;0,0465;0,1227;0,8307; 50; 34
Greece;2020-04-16;2207; 15;105; 3; 269;  0;1833;  12;2020;kwiecień;16;czwartek;0,0476;0,1219;0,8305; 51; 35
Greece;2020-04-17;2224; 17;108; 3; 269;  0;1847;  14;2020;kwiecień;17;piątek;0,0486;0,1210;0,8305; 52; 36
Greece;2020-04-18;2235; 11;110; 2; 269;  0;1856;   9;2020;kwiecień;18;sobota;0,0492;0,1204;0,8304; 53; 37
Greece;2020-04-19;2235;  0;113; 3; 269;  0;1853;  -3;2020;kwiecień;19;niedziela;0,0506;0,1204;0,8291; 54; 38
Greece;2020-04-20;2245; 10;116; 3; 269;  0;1860;   7;2020;kwiecień;20;poniedziałek;0,0517;0,1198;0,8285; 55; 39
Greece;2020-04-21;2401;156;121; 5; 577;308;1703;-157;2020;kwiecień;21;wtorek;0,0504;0,2403;0,7093; 56; 40
Greece;2020-04-22;2408;  7;121; 0; 577;  0;1710;   7;2020;kwiecień;22;środa;0,0502;0,2396;0,7101; 57; 41
Greece;2020-04-23;2463; 55;125; 4; 577;  0;1761;  51;2020;kwiecień;23;czwartek;0,0508;0,2343;0,7150; 58; 42
Greece;2020-04-24;2490; 27;130; 5; 577;  0;1783;  22;2020;kwiecień;24;piątek;0,0522;0,2317;0,7161; 59; 43
Greece;2020-04-25;2506; 16;130; 0; 577;  0;1799;  16;2020;kwiecień;25;sobota;0,0519;0,2302;0,7179; 60; 44
Greece;2020-04-26;2517; 11;134; 4; 577;  0;1806;   7;2020;kwiecień;26;niedziela;0,0532;0,2292;0,7175; 61; 45
Greece;2020-04-27;2534; 17;136; 2; 577;  0;1821;  15;2020;kwiecień;27;poniedziałek;0,0537;0,2277;0,7186; 62; 46
Greece;2020-04-28;2566; 32;138; 2; 577;  0;1851;  30;2020;kwiecień;28;wtorek;0,0538;0,2249;0,7214; 63; 47
Greece;2020-04-29;2576; 10;139; 1; 577;  0;1860;   9;2020;kwiecień;29;środa;0,0540;0,2240;0,7220; 64; 48
Greece;2020-04-30;2591; 15;140; 1;1374;797;1077;-783;2020;kwiecień;30;czwartek;0,0540;0,5303;0,4157; 65; 49
Greece;2020-05-01;2612; 21;140; 0;1374;  0;1098;  21;2020;maj; 1;piątek;0,0536;0,5260;0,4204; 66; 50
Greece;2020-05-02;2620;  8;143; 3;1374;  0;1103;   5;2020;maj; 2;sobota;0,0546;0,5244;0,4210; 67; 51
Greece;2020-05-03;2626;  6;144; 1;1374;  0;1108;   5;2020;maj; 3;niedziela;0,0548;0,5232;0,4219; 68; 52
Greece;2020-05-04;2632;  6;146; 2;1374;  0;1112;   4;2020;maj; 4;poniedziałek;0,0555;0,5220;0,4225; 69; 53
Greece;2020-05-05;2642; 10;146; 0;1374;  0;1122;  10;2020;maj; 5;wtorek;0,0553;0,5201;0,4247; 70; 54
Greece;2020-05-06;2663; 21;147; 1;1374;  0;1142;  20;2020;maj; 6;środa;0,0552;0,5160;0,4288; 71; 55
Greece;2020-05-07;2678; 15;148; 1;1374;  0;1156;  14;2020;maj; 7;czwartek;0,0553;0,5131;0,4317; 72; 56
Greece;2020-05-08;2691; 13;150; 2;1374;  0;1167;  11;2020;maj; 8;piątek;0,0557;0,5106;0,4337; 73; 57
Greece;2020-05-09;2710; 19;151; 1;1374;  0;1185;  18;2020;maj; 9;sobota;0,0557;0,5070;0,4373; 74; 58
Greece;2020-05-10;2716;  6;151; 0;1374;  0;1191;   6;2020;maj;10;niedziela;0,0556;0,5059;0,4385; 75; 59
Greece;2020-05-11;2726; 10;151; 0;1374;  0;1201;  10;2020;maj;11;poniedziałek;0,0554;0,5040;0,4406; 76; 60
Greece;2020-05-12;2744; 18;152; 1;1374;  0;1218;  17;2020;maj;12;wtorek;0,0554;0,5007;0,4439; 77; 61
Greece;2020-05-13;2760; 16;155; 3;1374;  0;1231;  13;2020;maj;13;środa;0,0562;0,4978;0,4460; 78; 62
Greece;2020-05-14;2770; 10;156; 1;1374;  0;1240;   9;2020;maj;14;czwartek;0,0563;0,4960;0,4477; 79; 63
Greece;2020-05-15;2810; 40;160; 4;1374;  0;1276;  36;2020;maj;15;piątek;0,0569;0,4890;0,4541; 80; 64
Greece;2020-05-16;2819;  9;162; 2;1374;  0;1283;   7;2020;maj;16;sobota;0,0575;0,4874;0,4551; 81; 65
Greece;2020-05-17;2834; 15;163; 1;1374;  0;1297;  14;2020;maj;17;niedziela;0,0575;0,4848;0,4577; 82; 66
Greece;2020-05-18;2836;  2;165; 2;1374;  0;1297;   0;2020;maj;18;poniedziałek;0,0582;0,4845;0,4573; 83; 67
Greece;2020-05-19;2840;  4;165; 0;1374;  0;1301;   4;2020;maj;19;wtorek;0,0581;0,4838;0,4581; 84; 68
Greece;2020-05-20;2850; 10;166; 1;1374;  0;1310;   9;2020;maj;20;środa;0,0582;0,4821;0,4596; 85; 69
Greece;2020-05-21;2853;  3;168; 2;1374;  0;1311;   1;2020;maj;21;czwartek;0,0589;0,4816;0,4595; 86; 70
Greece;2020-05-22;2874; 21;169; 1;1374;  0;1331;  20;2020;maj;22;piątek;0,0588;0,4781;0,4631; 87; 71
Greece;2020-05-23;2876;  2;171; 2;1374;  0;1331;   0;2020;maj;23;sobota;0,0595;0,4777;0,4628; 88; 72
Greece;2020-05-24;2878;  2;171; 0;1374;  0;1333;   2;2020;maj;24;niedziela;0,0594;0,4774;0,4632; 89; 73
Greece;2020-05-25;2882;  4;172; 1;1374;  0;1336;   3;2020;maj;25;poniedziałek;0,0597;0,4768;0,4636; 90; 74
Greece;2020-05-26;2892; 10;173; 1;1374;  0;1345;   9;2020;maj;26;wtorek;0,0598;0,4751;0,4651; 91; 75
Greece;2020-05-27;2903; 11;173; 0;1374;  0;1356;  11;2020;maj;27;środa;0,0596;0,4733;0,4671; 92; 76
Greece;2020-05-28;2906;  3;175; 2;1374;  0;1357;   1;2020;maj;28;czwartek;0,0602;0,4728;0,4670; 93; 77
Greece;2020-05-29;2909;  3;175; 0;1374;  0;1360;   3;2020;maj;29;piątek;0,0602;0,4723;0,4675; 94; 78
Greece;2020-05-30;2915;  6;175; 0;1374;  0;1366;   6;2020;maj;30;sobota;0,0600;0,4714;0,4686; 95; 79
Greece;2020-05-31;2917;  2;175; 0;1374;  0;1368;   2;2020;maj;31;niedziela;0,0600;0,4710;0,4690; 96; 80
Greece;2020-06-01;2918;  1;179; 4;1374;  0;1365;  -3;2020;czerwiec; 1;poniedziałek;0,0613;0,4709;0,4678; 97; 81
Greece;2020-06-02;2937; 19;179; 0;1374;  0;1384;  19;2020;czerwiec; 2;wtorek;0,0609;0,4678;0,4712; 98; 82
Greece;2020-06-03;2937;  0;179; 0;1374;  0;1384;   0;2020;czerwiec; 3;środa;0,0609;0,4678;0,4712; 99; 83
Greece;2020-06-04;2952; 15;180; 1;1374;  0;1398;  14;2020;czerwiec; 4;czwartek;0,0610;0,4654;0,4736;100; 84
Greece;2020-06-05;2967; 15;180; 0;1374;  0;1413;  15;2020;czerwiec; 5;piątek;0,0607;0,4631;0,4762;101; 85
Greece;2020-06-06;2980; 13;180; 0;1374;  0;1426;  13;2020;czerwiec; 6;sobota;0,0604;0,4611;0,4785;102; 86
Greece;2020-06-07;2997; 17;180; 0;1374;  0;1443;  17;2020;czerwiec; 7;niedziela;0,0601;0,4585;0,4815;103; 87
Greece;2020-06-08;3049; 52;182; 2;1374;  0;1493;  50;2020;czerwiec; 8;poniedziałek;0,0597;0,4506;0,4897;104; 88
Greece;2020-06-09;3058;  9;183; 1;1374;  0;1501;   8;2020;czerwiec; 9;wtorek;0,0598;0,4493;0,4908;105; 89
Greece;2020-06-10;3068; 10;183; 0;1374;  0;1511;  10;2020;czerwiec;10;środa;0,0596;0,4478;0,4925;106; 90
Greece;2020-06-11;3088; 20;183; 0;1374;  0;1531;  20;2020;czerwiec;11;czwartek;0,0593;0,4449;0,4958;107; 91
Greece;2020-06-12;3108; 20;183; 0;1374;  0;1551;  20;2020;czerwiec;12;piątek;0,0589;0,4421;0,4990;108; 92
Greece;2020-06-13;3112;  4;183; 0;1374;  0;1555;   4;2020;czerwiec;13;sobota;0,0588;0,4415;0,4997;109; 93
Greece;2020-06-14;3121;  9;183; 0;1374;  0;1564;   9;2020;czerwiec;14;niedziela;0,0586;0,4402;0,5011;110; 94
Greece;2020-06-15;3134; 13;184; 1;1374;  0;1576;  12;2020;czerwiec;15;poniedziałek;0,0587;0,4384;0,5029;111; 95
Greece;2020-06-16;3148; 14;185; 1;1374;  0;1589;  13;2020;czerwiec;16;wtorek;0,0588;0,4365;0,5048;112; 96
Greece;2020-06-17;3203; 55;187; 2;1374;  0;1642;  53;2020;czerwiec;17;środa;0,0584;0,4290;0,5126;113; 97
Greece;2020-06-18;3227; 24;188; 1;1374;  0;1665;  23;2020;czerwiec;18;czwartek;0,0583;0,4258;0,5160;114; 98
Greece;2020-06-19;3237; 10;189; 1;1374;  0;1674;   9;2020;czerwiec;19;piątek;0,0584;0,4245;0,5171;115; 99
Greece;2020-06-20;3256; 19;190; 1;1374;  0;1692;  18;2020;czerwiec;20;sobota;0,0584;0,4220;0,5197;116;100
Greece;2020-06-21;3266; 10;190; 0;1374;  0;1702;  10;2020;czerwiec;21;niedziela;0,0582;0,4207;0,5211;117;101
Greece;2020-06-22;3287; 21;190; 0;1374;  0;1723;  21;2020;czerwiec;22;poniedziałek;0,0578;0,4180;0,5242;118;102
Greece;2020-06-23;3302; 15;190; 0;1374;  0;1738;  15;2020;czerwiec;23;wtorek;0,0575;0,4161;0,5263;119;103
