Country;Date;Confirmed;New_Confirmed;Deaths;New_Deaths;Recovered;New_Recovered;Active;New_Active;Year;Month;Day;Week_Day;Deaths_Ratio;Recovered_Ratio;Active_Ratio;Day_Since_1st_Confirmed;Day_Since_100st_Confirmed
Guyana;2020-03-12;  1;  1; 1;1;  0; 0;  0;  0;2020;marzec;12;czwartek;1,0000;0,0000;0,0000;  1; 0
Guyana;2020-03-13;  1;  0; 1;0;  0; 0;  0;  0;2020;marzec;13;piątek;1,0000;0,0000;0,0000;  2; 0
Guyana;2020-03-14;  1;  0; 1;0;  0; 0;  0;  0;2020;marzec;14;sobota;1,0000;0,0000;0,0000;  3; 0
Guyana;2020-03-15;  4;  3; 1;0;  0; 0;  3;  3;2020;marzec;15;niedziela;0,2500;0,0000;0,7500;  4; 0
Guyana;2020-03-16;  4;  0; 1;0;  0; 0;  3;  0;2020;marzec;16;poniedziałek;0,2500;0,0000;0,7500;  5; 0
Guyana;2020-03-17;  7;  3; 1;0;  0; 0;  6;  3;2020;marzec;17;wtorek;0,1429;0,0000;0,8571;  6; 0
Guyana;2020-03-18;  7;  0; 1;0;  0; 0;  6;  0;2020;marzec;18;środa;0,1429;0,0000;0,8571;  7; 0
Guyana;2020-03-19;  7;  0; 1;0;  0; 0;  6;  0;2020;marzec;19;czwartek;0,1429;0,0000;0,8571;  8; 0
Guyana;2020-03-20;  7;  0; 1;0;  0; 0;  6;  0;2020;marzec;20;piątek;0,1429;0,0000;0,8571;  9; 0
Guyana;2020-03-21;  7;  0; 1;0;  0; 0;  6;  0;2020;marzec;21;sobota;0,1429;0,0000;0,8571; 10; 0
Guyana;2020-03-22; 19; 12; 1;0;  0; 0; 18; 12;2020;marzec;22;niedziela;0,0526;0,0000;0,9474; 11; 0
Guyana;2020-03-23; 20;  1; 1;0;  0; 0; 19;  1;2020;marzec;23;poniedziałek;0,0500;0,0000;0,9500; 12; 0
Guyana;2020-03-24;  5;-15; 1;0;  0; 0;  4;-15;2020;marzec;24;wtorek;0,2000;0,0000;0,8000; 13; 0
Guyana;2020-03-25;  5;  0; 1;0;  0; 0;  4;  0;2020;marzec;25;środa;0,2000;0,0000;0,8000; 14; 0
Guyana;2020-03-26;  5;  0; 1;0;  0; 0;  4;  0;2020;marzec;26;czwartek;0,2000;0,0000;0,8000; 15; 0
Guyana;2020-03-27;  5;  0; 1;0;  0; 0;  4;  0;2020;marzec;27;piątek;0,2000;0,0000;0,8000; 16; 0
Guyana;2020-03-28;  8;  3; 1;0;  0; 0;  7;  3;2020;marzec;28;sobota;0,1250;0,0000;0,8750; 17; 0
Guyana;2020-03-29;  8;  0; 1;0;  0; 0;  7;  0;2020;marzec;29;niedziela;0,1250;0,0000;0,8750; 18; 0
Guyana;2020-03-30;  8;  0; 1;0;  0; 0;  7;  0;2020;marzec;30;poniedziałek;0,1250;0,0000;0,8750; 19; 0
Guyana;2020-03-31; 12;  4; 2;1;  0; 0; 10;  3;2020;marzec;31;wtorek;0,1667;0,0000;0,8333; 20; 0
Guyana;2020-04-01; 19;  7; 2;0;  0; 0; 17;  7;2020;kwiecień; 1;środa;0,1053;0,0000;0,8947; 21; 0
Guyana;2020-04-02; 19;  0; 4;2;  0; 0; 15; -2;2020;kwiecień; 2;czwartek;0,2105;0,0000;0,7895; 22; 0
Guyana;2020-04-03; 23;  4; 4;0;  0; 0; 19;  4;2020;kwiecień; 3;piątek;0,1739;0,0000;0,8261; 23; 0
Guyana;2020-04-04; 23;  0; 4;0;  0; 0; 19;  0;2020;kwiecień; 4;sobota;0,1739;0,0000;0,8261; 24; 0
Guyana;2020-04-05; 24;  1; 4;0;  0; 0; 20;  1;2020;kwiecień; 5;niedziela;0,1667;0,0000;0,8333; 25; 0
Guyana;2020-04-06; 31;  7; 4;0;  8; 8; 19; -1;2020;kwiecień; 6;poniedziałek;0,1290;0,2581;0,6129; 26; 0
Guyana;2020-04-07; 33;  2; 5;1;  8; 0; 20;  1;2020;kwiecień; 7;wtorek;0,1515;0,2424;0,6061; 27; 0
Guyana;2020-04-08; 37;  4; 6;1;  8; 0; 23;  3;2020;kwiecień; 8;środa;0,1622;0,2162;0,6216; 28; 0
Guyana;2020-04-09; 37;  0; 6;0;  8; 0; 23;  0;2020;kwiecień; 9;czwartek;0,1622;0,2162;0,6216; 29; 0
Guyana;2020-04-10; 37;  0; 6;0;  8; 0; 23;  0;2020;kwiecień;10;piątek;0,1622;0,2162;0,6216; 30; 0
Guyana;2020-04-11; 45;  8; 6;0;  8; 0; 31;  8;2020;kwiecień;11;sobota;0,1333;0,1778;0,6889; 31; 0
Guyana;2020-04-12; 45;  0; 6;0;  8; 0; 31;  0;2020;kwiecień;12;niedziela;0,1333;0,1778;0,6889; 32; 0
Guyana;2020-04-13; 45;  0; 6;0;  8; 0; 31;  0;2020;kwiecień;13;poniedziałek;0,1333;0,1778;0,6889; 33; 0
Guyana;2020-04-14; 47;  2; 6;0;  8; 0; 33;  2;2020;kwiecień;14;wtorek;0,1277;0,1702;0,7021; 34; 0
Guyana;2020-04-15; 55;  8; 6;0;  8; 0; 41;  8;2020;kwiecień;15;środa;0,1091;0,1455;0,7455; 35; 0
Guyana;2020-04-16; 55;  0; 6;0;  8; 0; 41;  0;2020;kwiecień;16;czwartek;0,1091;0,1455;0,7455; 36; 0
Guyana;2020-04-17; 63;  8; 6;0;  9; 1; 48;  7;2020;kwiecień;17;piątek;0,0952;0,1429;0,7619; 37; 0
Guyana;2020-04-18; 63;  0; 6;0;  9; 0; 48;  0;2020;kwiecień;18;sobota;0,0952;0,1429;0,7619; 38; 0
Guyana;2020-04-19; 65;  2; 7;1;  9; 0; 49;  1;2020;kwiecień;19;niedziela;0,1077;0,1385;0,7538; 39; 0
Guyana;2020-04-20; 65;  0; 7;0;  9; 0; 49;  0;2020;kwiecień;20;poniedziałek;0,1077;0,1385;0,7538; 40; 0
Guyana;2020-04-21; 66;  1; 7;0;  9; 0; 50;  1;2020;kwiecień;21;wtorek;0,1061;0,1364;0,7576; 41; 0
Guyana;2020-04-22; 67;  1; 7;0;  9; 0; 51;  1;2020;kwiecień;22;środa;0,1045;0,1343;0,7612; 42; 0
Guyana;2020-04-23; 70;  3; 7;0;  9; 0; 54;  3;2020;kwiecień;23;czwartek;0,1000;0,1286;0,7714; 43; 0
Guyana;2020-04-24; 73;  3; 7;0; 12; 3; 54;  0;2020;kwiecień;24;piątek;0,0959;0,1644;0,7397; 44; 0
Guyana;2020-04-25; 73;  0; 7;0; 12; 0; 54;  0;2020;kwiecień;25;sobota;0,0959;0,1644;0,7397; 45; 0
Guyana;2020-04-26; 74;  1; 8;1; 12; 0; 54;  0;2020;kwiecień;26;niedziela;0,1081;0,1622;0,7297; 46; 0
Guyana;2020-04-27; 74;  0; 8;0; 15; 3; 51; -3;2020;kwiecień;27;poniedziałek;0,1081;0,2027;0,6892; 47; 0
Guyana;2020-04-28; 74;  0; 8;0; 15; 0; 51;  0;2020;kwiecień;28;wtorek;0,1081;0,2027;0,6892; 48; 0
Guyana;2020-04-29; 78;  4; 8;0; 18; 3; 52;  1;2020;kwiecień;29;środa;0,1026;0,2308;0,6667; 49; 0
Guyana;2020-04-30; 82;  4; 9;1; 22; 4; 51; -1;2020;kwiecień;30;czwartek;0,1098;0,2683;0,6220; 50; 0
Guyana;2020-05-01; 82;  0; 9;0; 22; 0; 51;  0;2020;maj; 1;piątek;0,1098;0,2683;0,6220; 51; 0
Guyana;2020-05-02; 82;  0; 9;0; 22; 0; 51;  0;2020;maj; 2;sobota;0,1098;0,2683;0,6220; 52; 0
Guyana;2020-05-03; 82;  0; 9;0; 22; 0; 51;  0;2020;maj; 3;niedziela;0,1098;0,2683;0,6220; 53; 0
Guyana;2020-05-04; 92; 10; 9;0; 27; 5; 56;  5;2020;maj; 4;poniedziałek;0,0978;0,2935;0,6087; 54; 0
Guyana;2020-05-05; 93;  1;10;1; 27; 0; 56;  0;2020;maj; 5;wtorek;0,1075;0,2903;0,6022; 55; 0
Guyana;2020-05-06; 93;  0;10;0; 27; 0; 56;  0;2020;maj; 6;środa;0,1075;0,2903;0,6022; 56; 0
Guyana;2020-05-07; 93;  0;10;0; 27; 0; 56;  0;2020;maj; 7;czwartek;0,1075;0,2903;0,6022; 57; 0
Guyana;2020-05-08; 94;  1;10;0; 35; 8; 49; -7;2020;maj; 8;piątek;0,1064;0,3723;0,5213; 58; 0
Guyana;2020-05-09; 94;  0;10;0; 35; 0; 49;  0;2020;maj; 9;sobota;0,1064;0,3723;0,5213; 59; 0
Guyana;2020-05-10;104; 10;10;0; 35; 0; 59; 10;2020;maj;10;niedziela;0,0962;0,3365;0,5673; 60; 1
Guyana;2020-05-11;109;  5;10;0; 36; 1; 63;  4;2020;maj;11;poniedziałek;0,0917;0,3303;0,5780; 61; 2
Guyana;2020-05-12;113;  4;10;0; 36; 0; 67;  4;2020;maj;12;wtorek;0,0885;0,3186;0,5929; 62; 3
Guyana;2020-05-13;113;  0;10;0; 41; 5; 62; -5;2020;maj;13;środa;0,0885;0,3628;0,5487; 63; 4
Guyana;2020-05-14;113;  0;10;0; 42; 1; 61; -1;2020;maj;14;czwartek;0,0885;0,3717;0,5398; 64; 5
Guyana;2020-05-15;116;  3;10;0; 43; 1; 63;  2;2020;maj;15;piątek;0,0862;0,3707;0,5431; 65; 6
Guyana;2020-05-16;117;  1;10;0; 43; 0; 64;  1;2020;maj;16;sobota;0,0855;0,3675;0,5470; 66; 7
Guyana;2020-05-17;117;  0;10;0; 43; 0; 64;  0;2020;maj;17;niedziela;0,0855;0,3675;0,5470; 67; 8
Guyana;2020-05-18;124;  7;10;0; 44; 1; 70;  6;2020;maj;18;poniedziałek;0,0806;0,3548;0,5645; 68; 9
Guyana;2020-05-19;125;  1;10;0; 46; 2; 69; -1;2020;maj;19;wtorek;0,0800;0,3680;0,5520; 69;10
Guyana;2020-05-20;125;  0;10;0; 47; 1; 68; -1;2020;maj;20;środa;0,0800;0,3760;0,5440; 70;11
Guyana;2020-05-21;127;  2;10;0; 57;10; 60; -8;2020;maj;21;czwartek;0,0787;0,4488;0,4724; 71;12
Guyana;2020-05-22;127;  0;10;0; 57; 0; 60;  0;2020;maj;22;piątek;0,0787;0,4488;0,4724; 72;13
Guyana;2020-05-23;127;  0;10;0; 58; 1; 59; -1;2020;maj;23;sobota;0,0787;0,4567;0,4646; 73;14
Guyana;2020-05-24;135;  8;10;0; 62; 4; 63;  4;2020;maj;24;niedziela;0,0741;0,4593;0,4667; 74;15
Guyana;2020-05-25;137;  2;11;1; 62; 0; 64;  1;2020;maj;25;poniedziałek;0,0803;0,4526;0,4672; 75;16
Guyana;2020-05-26;139;  2;11;0; 62; 0; 66;  2;2020;maj;26;wtorek;0,0791;0,4460;0,4748; 76;17
Guyana;2020-05-27;139;  0;11;0; 67; 5; 61; -5;2020;maj;27;środa;0,0791;0,4820;0,4388; 77;18
Guyana;2020-05-28;150; 11;11;0; 67; 0; 72; 11;2020;maj;28;czwartek;0,0733;0,4467;0,4800; 78;19
Guyana;2020-05-29;150;  0;11;0; 67; 0; 72;  0;2020;maj;29;piątek;0,0733;0,4467;0,4800; 79;20
Guyana;2020-05-30;152;  2;12;1; 67; 0; 73;  1;2020;maj;30;sobota;0,0789;0,4408;0,4803; 80;21
Guyana;2020-05-31;153;  1;12;0; 70; 3; 71; -2;2020;maj;31;niedziela;0,0784;0,4575;0,4641; 81;22
Guyana;2020-06-01;153;  0;12;0; 70; 0; 71;  0;2020;czerwiec; 1;poniedziałek;0,0784;0,4575;0,4641; 82;23
Guyana;2020-06-02;153;  0;12;0; 70; 0; 71;  0;2020;czerwiec; 2;wtorek;0,0784;0,4575;0,4641; 83;24
Guyana;2020-06-03;153;  0;12;0; 70; 0; 71;  0;2020;czerwiec; 3;środa;0,0784;0,4575;0,4641; 84;25
Guyana;2020-06-04;153;  0;12;0; 77; 7; 64; -7;2020;czerwiec; 4;czwartek;0,0784;0,5033;0,4183; 85;26
Guyana;2020-06-05;153;  0;12;0; 77; 0; 64;  0;2020;czerwiec; 5;piątek;0,0784;0,5033;0,4183; 86;27
Guyana;2020-06-06;154;  1;12;0; 80; 3; 62; -2;2020;czerwiec; 6;sobota;0,0779;0,5195;0,4026; 87;28
Guyana;2020-06-07;154;  0;12;0; 80; 0; 62;  0;2020;czerwiec; 7;niedziela;0,0779;0,5195;0,4026; 88;29
Guyana;2020-06-08;154;  0;12;0; 84; 4; 58; -4;2020;czerwiec; 8;poniedziałek;0,0779;0,5455;0,3766; 89;30
Guyana;2020-06-09;156;  2;12;0; 86; 2; 58;  0;2020;czerwiec; 9;wtorek;0,0769;0,5513;0,3718; 90;31
Guyana;2020-06-10;156;  0;12;0; 92; 6; 52; -6;2020;czerwiec;10;środa;0,0769;0,5897;0,3333; 91;32
Guyana;2020-06-11;158;  2;12;0; 92; 0; 54;  2;2020;czerwiec;11;czwartek;0,0759;0,5823;0,3418; 92;33
Guyana;2020-06-12;159;  1;12;0; 95; 3; 52; -2;2020;czerwiec;12;piątek;0,0755;0,5975;0,3270; 93;34
Guyana;2020-06-13;159;  0;12;0; 95; 0; 52;  0;2020;czerwiec;13;sobota;0,0755;0,5975;0,3270; 94;35
Guyana;2020-06-14;159;  0;12;0; 99; 4; 48; -4;2020;czerwiec;14;niedziela;0,0755;0,6226;0,3019; 95;36
Guyana;2020-06-15;159;  0;12;0; 99; 0; 48;  0;2020;czerwiec;15;poniedziałek;0,0755;0,6226;0,3019; 96;37
Guyana;2020-06-16;171; 12;12;0; 99; 0; 60; 12;2020;czerwiec;16;wtorek;0,0702;0,5789;0,3509; 97;38
Guyana;2020-06-17;171;  0;12;0;102; 3; 57; -3;2020;czerwiec;17;środa;0,0702;0,5965;0,3333; 98;39
Guyana;2020-06-18;183; 12;12;0;102; 0; 69; 12;2020;czerwiec;18;czwartek;0,0656;0,5574;0,3770; 99;40
Guyana;2020-06-19;183;  0;12;0;102; 0; 69;  0;2020;czerwiec;19;piątek;0,0656;0,5574;0,3770;100;41
Guyana;2020-06-20;183;  0;12;0;102; 0; 69;  0;2020;czerwiec;20;sobota;0,0656;0,5574;0,3770;101;42
Guyana;2020-06-21;184;  1;12;0;103; 1; 69;  0;2020;czerwiec;21;niedziela;0,0652;0,5598;0,3750;102;43
Guyana;2020-06-22;205; 21;12;0;103; 0; 90; 21;2020;czerwiec;22;poniedziałek;0,0585;0,5024;0,4390;103;44
Guyana;2020-06-23;206;  1;12;0;107; 4; 87; -3;2020;czerwiec;23;wtorek;0,0583;0,5194;0,4223;104;45
Guyana;2020-06-24;209;  3;12;0;107; 0; 90;  3;2020;czerwiec;24;środa;0,0574;0,5120;0,4306;105;46
Guyana;2020-06-25;215;  6;12;0;108; 1; 95;  5;2020;czerwiec;25;czwartek;0,0558;0,5023;0,4419;106;47
Guyana;2020-06-26;215;  0;12;0;108; 0; 95;  0;2020;czerwiec;26;piątek;0,0558;0,5023;0,4419;107;48
Guyana;2020-06-27;230; 15;12;0;109; 1;109; 14;2020;czerwiec;27;sobota;0,0522;0,4739;0,4739;108;49
Guyana;2020-06-28;230;  0;12;0;109; 0;109;  0;2020;czerwiec;28;niedziela;0,0522;0,4739;0,4739;109;50
Guyana;2020-06-29;235;  5;12;0;114; 5;109;  0;2020;czerwiec;29;poniedziałek;0,0511;0,4851;0,4638;110;51
Guyana;2020-06-30;245; 10;12;0;114; 0;119; 10;2020;czerwiec;30;wtorek;0,0490;0,4653;0,4857;111;52
Guyana;2020-07-01;248;  3;13;1;116; 2;119;  0;2020;lipiec; 1;środa;0,0524;0,4677;0,4798;112;53
Guyana;2020-07-02;250;  2;14;1;117; 1;119;  0;2020;lipiec; 2;czwartek;0,0560;0,4680;0,4760;113;54
Guyana;2020-07-03;256;  6;14;0;117; 0;125;  6;2020;lipiec; 3;piątek;0,0547;0,4570;0,4883;114;55
Guyana;2020-07-04;272; 16;14;0;120; 3;138; 13;2020;lipiec; 4;sobota;0,0515;0,4412;0,5074;115;56
Guyana;2020-07-05;273;  1;15;1;120; 0;138;  0;2020;lipiec; 5;niedziela;0,0549;0,4396;0,5055;116;57
Guyana;2020-07-06;273;  0;15;0;120; 0;138;  0;2020;lipiec; 6;poniedziałek;0,0549;0,4396;0,5055;117;58
Guyana;2020-07-07;284; 11;16;1;125; 5;143;  5;2020;lipiec; 7;wtorek;0,0563;0,4401;0,5035;118;59
Guyana;2020-07-08;284;  0;16;0;125; 0;143;  0;2020;lipiec; 8;środa;0,0563;0,4401;0,5035;119;60
Guyana;2020-07-09;286;  2;16;0;125; 0;145;  2;2020;lipiec; 9;czwartek;0,0559;0,4371;0,5070;120;61
Guyana;2020-07-10;290;  4;16;0;134; 9;140; -5;2020;lipiec;10;piątek;0,0552;0,4621;0,4828;121;62
Guyana;2020-07-11;291;  1;17;1;148;14;126;-14;2020;lipiec;11;sobota;0,0584;0,5086;0,4330;122;63
Guyana;2020-07-12;297;  6;17;0;154; 6;126;  0;2020;lipiec;12;niedziela;0,0572;0,5185;0,4242;123;64
Guyana;2020-07-13;300;  3;17;0;155; 1;128;  2;2020;lipiec;13;poniedziałek;0,0567;0,5167;0,4267;124;65
Guyana;2020-07-14;308;  8;17;0;156; 1;135;  7;2020;lipiec;14;wtorek;0,0552;0,5065;0,4383;125;66
