Country;Date;Confirmed;New_Confirmed;Deaths;New_Deaths;Recovered;New_Recovered;Active;New_Active;Year;Month;Day;Week_Day;Deaths_Ratio;Recovered_Ratio;Active_Ratio;Day_Since_1st_Confirmed;Day_Since_100st_Confirmed
India;2020-01-30;     1;    1;    0;   0;     0;    0;     1;    1;2020;styczeń;30;czwartek;0,0000;0,0000;1,0000;  1; 0
India;2020-01-31;     1;    0;    0;   0;     0;    0;     1;    0;2020;styczeń;31;piątek;0,0000;0,0000;1,0000;  2; 0
India;2020-02-01;     1;    0;    0;   0;     0;    0;     1;    0;2020;luty; 1;sobota;0,0000;0,0000;1,0000;  3; 0
India;2020-02-02;     2;    1;    0;   0;     0;    0;     2;    1;2020;luty; 2;niedziela;0,0000;0,0000;1,0000;  4; 0
India;2020-02-03;     3;    1;    0;   0;     0;    0;     3;    1;2020;luty; 3;poniedziałek;0,0000;0,0000;1,0000;  5; 0
India;2020-02-04;     3;    0;    0;   0;     0;    0;     3;    0;2020;luty; 4;wtorek;0,0000;0,0000;1,0000;  6; 0
India;2020-02-05;     3;    0;    0;   0;     0;    0;     3;    0;2020;luty; 5;środa;0,0000;0,0000;1,0000;  7; 0
India;2020-02-06;     3;    0;    0;   0;     0;    0;     3;    0;2020;luty; 6;czwartek;0,0000;0,0000;1,0000;  8; 0
India;2020-02-07;     3;    0;    0;   0;     0;    0;     3;    0;2020;luty; 7;piątek;0,0000;0,0000;1,0000;  9; 0
India;2020-02-08;     3;    0;    0;   0;     0;    0;     3;    0;2020;luty; 8;sobota;0,0000;0,0000;1,0000; 10; 0
India;2020-02-09;     3;    0;    0;   0;     0;    0;     3;    0;2020;luty; 9;niedziela;0,0000;0,0000;1,0000; 11; 0
India;2020-02-10;     3;    0;    0;   0;     0;    0;     3;    0;2020;luty;10;poniedziałek;0,0000;0,0000;1,0000; 12; 0
India;2020-02-11;     3;    0;    0;   0;     0;    0;     3;    0;2020;luty;11;wtorek;0,0000;0,0000;1,0000; 13; 0
India;2020-02-12;     3;    0;    0;   0;     0;    0;     3;    0;2020;luty;12;środa;0,0000;0,0000;1,0000; 14; 0
India;2020-02-13;     3;    0;    0;   0;     0;    0;     3;    0;2020;luty;13;czwartek;0,0000;0,0000;1,0000; 15; 0
India;2020-02-14;     3;    0;    0;   0;     0;    0;     3;    0;2020;luty;14;piątek;0,0000;0,0000;1,0000; 16; 0
India;2020-02-15;     3;    0;    0;   0;     0;    0;     3;    0;2020;luty;15;sobota;0,0000;0,0000;1,0000; 17; 0
India;2020-02-16;     3;    0;    0;   0;     3;    3;     0;   -3;2020;luty;16;niedziela;0,0000;1,0000;0,0000; 18; 0
India;2020-02-17;     3;    0;    0;   0;     3;    0;     0;    0;2020;luty;17;poniedziałek;0,0000;1,0000;0,0000; 19; 0
India;2020-02-18;     3;    0;    0;   0;     3;    0;     0;    0;2020;luty;18;wtorek;0,0000;1,0000;0,0000; 20; 0
India;2020-02-19;     3;    0;    0;   0;     3;    0;     0;    0;2020;luty;19;środa;0,0000;1,0000;0,0000; 21; 0
India;2020-02-20;     3;    0;    0;   0;     3;    0;     0;    0;2020;luty;20;czwartek;0,0000;1,0000;0,0000; 22; 0
India;2020-02-21;     3;    0;    0;   0;     3;    0;     0;    0;2020;luty;21;piątek;0,0000;1,0000;0,0000; 23; 0
India;2020-02-22;     3;    0;    0;   0;     3;    0;     0;    0;2020;luty;22;sobota;0,0000;1,0000;0,0000; 24; 0
India;2020-02-23;     3;    0;    0;   0;     3;    0;     0;    0;2020;luty;23;niedziela;0,0000;1,0000;0,0000; 25; 0
India;2020-02-24;     3;    0;    0;   0;     3;    0;     0;    0;2020;luty;24;poniedziałek;0,0000;1,0000;0,0000; 26; 0
India;2020-02-25;     3;    0;    0;   0;     3;    0;     0;    0;2020;luty;25;wtorek;0,0000;1,0000;0,0000; 27; 0
India;2020-02-26;     3;    0;    0;   0;     3;    0;     0;    0;2020;luty;26;środa;0,0000;1,0000;0,0000; 28; 0
India;2020-02-27;     3;    0;    0;   0;     3;    0;     0;    0;2020;luty;27;czwartek;0,0000;1,0000;0,0000; 29; 0
India;2020-02-28;     3;    0;    0;   0;     3;    0;     0;    0;2020;luty;28;piątek;0,0000;1,0000;0,0000; 30; 0
India;2020-02-29;     3;    0;    0;   0;     3;    0;     0;    0;2020;luty;29;sobota;0,0000;1,0000;0,0000; 31; 0
India;2020-03-01;     3;    0;    0;   0;     3;    0;     0;    0;2020;marzec; 1;niedziela;0,0000;1,0000;0,0000; 32; 0
India;2020-03-02;     5;    2;    0;   0;     3;    0;     2;    2;2020;marzec; 2;poniedziałek;0,0000;0,6000;0,4000; 33; 0
India;2020-03-03;     5;    0;    0;   0;     3;    0;     2;    0;2020;marzec; 3;wtorek;0,0000;0,6000;0,4000; 34; 0
India;2020-03-04;    28;   23;    0;   0;     3;    0;    25;   23;2020;marzec; 4;środa;0,0000;0,1071;0,8929; 35; 0
India;2020-03-05;    30;    2;    0;   0;     3;    0;    27;    2;2020;marzec; 5;czwartek;0,0000;0,1000;0,9000; 36; 0
India;2020-03-06;    31;    1;    0;   0;     3;    0;    28;    1;2020;marzec; 6;piątek;0,0000;0,0968;0,9032; 37; 0
India;2020-03-07;    34;    3;    0;   0;     3;    0;    31;    3;2020;marzec; 7;sobota;0,0000;0,0882;0,9118; 38; 0
India;2020-03-08;    39;    5;    0;   0;     3;    0;    36;    5;2020;marzec; 8;niedziela;0,0000;0,0769;0,9231; 39; 0
India;2020-03-09;    43;    4;    0;   0;     3;    0;    40;    4;2020;marzec; 9;poniedziałek;0,0000;0,0698;0,9302; 40; 0
India;2020-03-10;    56;   13;    0;   0;     4;    1;    52;   12;2020;marzec;10;wtorek;0,0000;0,0714;0,9286; 41; 0
India;2020-03-11;    62;    6;    1;   1;     4;    0;    57;    5;2020;marzec;11;środa;0,0161;0,0645;0,9194; 42; 0
India;2020-03-12;    73;   11;    1;   0;     4;    0;    68;   11;2020;marzec;12;czwartek;0,0137;0,0548;0,9315; 43; 0
India;2020-03-13;    82;    9;    2;   1;     4;    0;    76;    8;2020;marzec;13;piątek;0,0244;0,0488;0,9268; 44; 0
India;2020-03-14;   102;   20;    2;   0;     4;    0;    96;   20;2020;marzec;14;sobota;0,0196;0,0392;0,9412; 45; 1
India;2020-03-15;   113;   11;    2;   0;    13;    9;    98;    2;2020;marzec;15;niedziela;0,0177;0,1150;0,8673; 46; 2
India;2020-03-16;   119;    6;    2;   0;    13;    0;   104;    6;2020;marzec;16;poniedziałek;0,0168;0,1092;0,8739; 47; 3
India;2020-03-17;   142;   23;    3;   1;    14;    1;   125;   21;2020;marzec;17;wtorek;0,0211;0,0986;0,8803; 48; 4
India;2020-03-18;   156;   14;    3;   0;    14;    0;   139;   14;2020;marzec;18;środa;0,0192;0,0897;0,8910; 49; 5
India;2020-03-19;   194;   38;    4;   1;    15;    1;   175;   36;2020;marzec;19;czwartek;0,0206;0,0773;0,9021; 50; 6
India;2020-03-20;   244;   50;    5;   1;    20;    5;   219;   44;2020;marzec;20;piątek;0,0205;0,0820;0,8975; 51; 7
India;2020-03-21;   330;   86;    4;  -1;    23;    3;   303;   84;2020;marzec;21;sobota;0,0121;0,0697;0,9182; 52; 8
India;2020-03-22;   396;   66;    7;   3;    27;    4;   362;   59;2020;marzec;22;niedziela;0,0177;0,0682;0,9141; 53; 9
India;2020-03-23;   499;  103;   10;   3;    27;    0;   462;  100;2020;marzec;23;poniedziałek;0,0200;0,0541;0,9259; 54;10
India;2020-03-24;   536;   37;   10;   0;    40;   13;   486;   24;2020;marzec;24;wtorek;0,0187;0,0746;0,9067; 55;11
India;2020-03-25;   657;  121;   12;   2;    43;    3;   602;  116;2020;marzec;25;środa;0,0183;0,0654;0,9163; 56;12
India;2020-03-26;   727;   70;   20;   8;    45;    2;   662;   60;2020;marzec;26;czwartek;0,0275;0,0619;0,9106; 57;13
India;2020-03-27;   887;  160;   20;   0;    73;   28;   794;  132;2020;marzec;27;piątek;0,0225;0,0823;0,8952; 58;14
India;2020-03-28;   987;  100;   24;   4;    84;   11;   879;   85;2020;marzec;28;sobota;0,0243;0,0851;0,8906; 59;15
India;2020-03-29;  1024;   37;   27;   3;    95;   11;   902;   23;2020;marzec;29;niedziela;0,0264;0,0928;0,8809; 60;16
India;2020-03-30;  1251;  227;   32;   5;   102;    7;  1117;  215;2020;marzec;30;poniedziałek;0,0256;0,0815;0,8929; 61;17
India;2020-03-31;  1397;  146;   35;   3;   123;   21;  1239;  122;2020;marzec;31;wtorek;0,0251;0,0880;0,8869; 62;18
India;2020-04-01;  1998;  601;   58;  23;   148;   25;  1792;  553;2020;kwiecień; 1;środa;0,0290;0,0741;0,8969; 63;19
India;2020-04-02;  2543;  545;   72;  14;   191;   43;  2280;  488;2020;kwiecień; 2;czwartek;0,0283;0,0751;0,8966; 64;20
India;2020-04-03;  2567;   24;   72;   0;   192;    1;  2303;   23;2020;kwiecień; 3;piątek;0,0280;0,0748;0,8972; 65;21
India;2020-04-04;  3082;  515;   86;  14;   229;   37;  2767;  464;2020;kwiecień; 4;sobota;0,0279;0,0743;0,8978; 66;22
India;2020-04-05;  3588;  506;   99;  13;   229;    0;  3260;  493;2020;kwiecień; 5;niedziela;0,0276;0,0638;0,9086; 67;23
India;2020-04-06;  4778; 1190;  136;  37;   375;  146;  4267; 1007;2020;kwiecień; 6;poniedziałek;0,0285;0,0785;0,8931; 68;24
India;2020-04-07;  5311;  533;  150;  14;   421;   46;  4740;  473;2020;kwiecień; 7;wtorek;0,0282;0,0793;0,8925; 69;25
India;2020-04-08;  5916;  605;  178;  28;   506;   85;  5232;  492;2020;kwiecień; 8;środa;0,0301;0,0855;0,8844; 70;26
India;2020-04-09;  6725;  809;  226;  48;   620;  114;  5879;  647;2020;kwiecień; 9;czwartek;0,0336;0,0922;0,8742; 71;27
India;2020-04-10;  7598;  873;  246;  20;   774;  154;  6578;  699;2020;kwiecień;10;piątek;0,0324;0,1019;0,8658; 72;28
India;2020-04-11;  8446;  848;  288;  42;   969;  195;  7189;  611;2020;kwiecień;11;sobota;0,0341;0,1147;0,8512; 73;29
India;2020-04-12;  9205;  759;  331;  43;  1080;  111;  7794;  605;2020;kwiecień;12;niedziela;0,0360;0,1173;0,8467; 74;30
India;2020-04-13; 10453; 1248;  358;  27;  1181;  101;  8914; 1120;2020;kwiecień;13;poniedziałek;0,0342;0,1130;0,8528; 75;31
India;2020-04-14; 11487; 1034;  393;  35;  1359;  178;  9735;  821;2020;kwiecień;14;wtorek;0,0342;0,1183;0,8475; 76;32
India;2020-04-15; 12322;  835;  405;  12;  1432;   73; 10485;  750;2020;kwiecień;15;środa;0,0329;0,1162;0,8509; 77;33
India;2020-04-16; 13430; 1108;  448;  43;  1768;  336; 11214;  729;2020;kwiecień;16;czwartek;0,0334;0,1316;0,8350; 78;34
India;2020-04-17; 14352;  922;  486;  38;  2041;  273; 11825;  611;2020;kwiecień;17;piątek;0,0339;0,1422;0,8239; 79;35
India;2020-04-18; 15722; 1370;  521;  35;  2463;  422; 12738;  913;2020;kwiecień;18;sobota;0,0331;0,1567;0,8102; 80;36
India;2020-04-19; 17615; 1893;  559;  38;  2854;  391; 14202; 1464;2020;kwiecień;19;niedziela;0,0317;0,1620;0,8062; 81;37
India;2020-04-20; 18539;  924;  592;  33;  3273;  419; 14674;  472;2020;kwiecień;20;poniedziałek;0,0319;0,1765;0,7915; 82;38
India;2020-04-21; 20080; 1541;  645;  53;  3975;  702; 15460;  786;2020;kwiecień;21;wtorek;0,0321;0,1980;0,7699; 83;39
India;2020-04-22; 21370; 1290;  681;  36;  4370;  395; 16319;  859;2020;kwiecień;22;środa;0,0319;0,2045;0,7636; 84;40
India;2020-04-23; 23077; 1707;  721;  40;  5012;  642; 17344; 1025;2020;kwiecień;23;czwartek;0,0312;0,2172;0,7516; 85;41
India;2020-04-24; 24530; 1453;  780;  59;  5498;  486; 18252;  908;2020;kwiecień;24;piątek;0,0318;0,2241;0,7441; 86;42
India;2020-04-25; 26283; 1753;  825;  45;  5939;  441; 19519; 1267;2020;kwiecień;25;sobota;0,0314;0,2260;0,7426; 87;43
India;2020-04-26; 27890; 1607;  881;  56;  6523;  584; 20486;  967;2020;kwiecień;26;niedziela;0,0316;0,2339;0,7345; 88;44
India;2020-04-27; 29451; 1561;  939;  58;  7137;  614; 21375;  889;2020;kwiecień;27;poniedziałek;0,0319;0,2423;0,7258; 89;45
India;2020-04-28; 31324; 1873; 1008;  69;  7747;  610; 22569; 1194;2020;kwiecień;28;wtorek;0,0322;0,2473;0,7205; 90;46
India;2020-04-29; 33062; 1738; 1079;  71;  8437;  690; 23546;  977;2020;kwiecień;29;środa;0,0326;0,2552;0,7122; 91;47
India;2020-04-30; 34863; 1801; 1154;  75;  9068;  631; 24641; 1095;2020;kwiecień;30;czwartek;0,0331;0,2601;0,7068; 92;48
India;2020-05-01; 37257; 2394; 1223;  69; 10007;  939; 26027; 1386;2020;maj; 1;piątek;0,0328;0,2686;0,6986; 93;49
India;2020-05-02; 39699; 2442; 1323; 100; 10819;  812; 27557; 1530;2020;maj; 2;sobota;0,0333;0,2725;0,6941; 94;50
India;2020-05-03; 42505; 2806; 1391;  68; 11775;  956; 29339; 1782;2020;maj; 3;niedziela;0,0327;0,2770;0,6902; 95;51
India;2020-05-04; 46437; 3932; 1566; 175; 12847; 1072; 32024; 2685;2020;maj; 4;poniedziałek;0,0337;0,2767;0,6896; 96;52
India;2020-05-05; 49400; 2963; 1693; 127; 14142; 1295; 33565; 1541;2020;maj; 5;wtorek;0,0343;0,2863;0,6795; 97;53
India;2020-05-06; 52987; 3587; 1785;  92; 15331; 1189; 35871; 2306;2020;maj; 6;środa;0,0337;0,2893;0,6770; 98;54
India;2020-05-07; 56351; 3364; 1889; 104; 16776; 1445; 37686; 1815;2020;maj; 7;czwartek;0,0335;0,2977;0,6688; 99;55
India;2020-05-08; 59695; 3344; 1985;  96; 17887; 1111; 39823; 2137;2020;maj; 8;piątek;0,0333;0,2996;0,6671;100;56
India;2020-05-09; 62808; 3113; 2101; 116; 19301; 1414; 41406; 1583;2020;maj; 9;sobota;0,0335;0,3073;0,6592;101;57
India;2020-05-10; 67161; 4353; 2212; 111; 20969; 1668; 43980; 2574;2020;maj;10;niedziela;0,0329;0,3122;0,6548;102;58
India;2020-05-11; 70768; 3607; 2294;  82; 22549; 1580; 45925; 1945;2020;maj;11;poniedziałek;0,0324;0,3186;0,6490;103;59
India;2020-05-12; 74292; 3524; 2415; 121; 24420; 1871; 47457; 1532;2020;maj;12;wtorek;0,0325;0,3287;0,6388;104;60
India;2020-05-13; 78055; 3763; 2551; 136; 26400; 1980; 49104; 1647;2020;maj;13;środa;0,0327;0,3382;0,6291;105;61
India;2020-05-14; 81997; 3942; 2649;  98; 27969; 1569; 51379; 2275;2020;maj;14;czwartek;0,0323;0,3411;0,6266;106;62
India;2020-05-15; 85784; 3787; 2753; 104; 30258; 2289; 52773; 1394;2020;maj;15;piątek;0,0321;0,3527;0,6152;107;63
India;2020-05-16; 90648; 4864; 2871; 118; 34224; 3966; 53553;  780;2020;maj;16;sobota;0,0317;0,3775;0,5908;108;64
India;2020-05-17; 95698; 5050; 3025; 154; 36795; 2571; 55878; 2325;2020;maj;17;niedziela;0,0316;0,3845;0,5839;109;65
India;2020-05-18;100328; 4630; 3156; 131; 39233; 2438; 57939; 2061;2020;maj;18;poniedziałek;0,0315;0,3910;0,5775;110;66
India;2020-05-19;106475; 6147; 3302; 146; 42309; 3076; 60864; 2925;2020;maj;19;wtorek;0,0310;0,3974;0,5716;111;67
India;2020-05-20;112028; 5553; 3434; 132; 45422; 3113; 63172; 2308;2020;maj;20;środa;0,0307;0,4055;0,5639;112;68
India;2020-05-21;118226; 6198; 3584; 150; 48553; 3131; 66089; 2917;2020;maj;21;czwartek;0,0303;0,4107;0,5590;113;69
India;2020-05-22;124794; 6568; 3726; 142; 51824; 3271; 69244; 3155;2020;maj;22;piątek;0,0299;0,4153;0,5549;114;70
India;2020-05-23;131423; 6629; 3868; 142; 54385; 2561; 73170; 3926;2020;maj;23;sobota;0,0294;0,4138;0,5568;115;71
India;2020-05-24;138536; 7113; 4024; 156; 57692; 3307; 76820; 3650;2020;maj;24;niedziela;0,0290;0,4164;0,5545;116;72
India;2020-05-25;144950; 6414; 4172; 148; 60706; 3014; 80072; 3252;2020;maj;25;poniedziałek;0,0288;0,4188;0,5524;117;73
India;2020-05-26;150793; 5843; 4344; 172; 64277; 3571; 82172; 2100;2020;maj;26;wtorek;0,0288;0,4263;0,5449;118;74
India;2020-05-27;158086; 7293; 4534; 190; 67749; 3472; 85803; 3631;2020;maj;27;środa;0,0287;0,4286;0,5428;119;75
India;2020-05-28;165386; 7300; 4711; 177; 70920; 3171; 89755; 3952;2020;maj;28;czwartek;0,0285;0,4288;0,5427;120;76
India;2020-05-29;173491; 8105; 4980; 269; 82627;11707; 85884;-3871;2020;maj;29;piątek;0,0287;0,4763;0,4950;121;77
India;2020-05-30;181827; 8336; 5185; 205; 86936; 4309; 89706; 3822;2020;maj;30;sobota;0,0285;0,4781;0,4934;122;78
India;2020-05-31;190609; 8782; 5408; 223; 91852; 4916; 93349; 3643;2020;maj;31;niedziela;0,0284;0,4819;0,4897;123;79
India;2020-06-01;198370; 7761; 5608; 200; 95754; 3902; 97008; 3659;2020;czerwiec; 1;poniedziałek;0,0283;0,4827;0,4890;124;80
India;2020-06-02;207191; 8821; 5829; 221;100285; 4531;101077; 4069;2020;czerwiec; 2;wtorek;0,0281;0,4840;0,4878;125;81
India;2020-06-03;216824; 9633; 6088; 259;104071; 3786;106665; 5588;2020;czerwiec; 3;środa;0,0281;0,4800;0,4919;126;82
India;2020-06-04;226713; 9889; 6363; 275;108450; 4379;111900; 5235;2020;czerwiec; 4;czwartek;0,0281;0,4784;0,4936;127;83
India;2020-06-05;236184; 9471; 6649; 286;113233; 4783;116302; 4402;2020;czerwiec; 5;piątek;0,0282;0,4794;0,4924;128;84
India;2020-06-06;246622;10438; 6946; 297;118695; 5462;120981; 4679;2020;czerwiec; 6;sobota;0,0282;0,4813;0,4906;129;85
India;2020-06-07;257486;10864; 7207; 261;123848; 5153;126431; 5450;2020;czerwiec; 7;niedziela;0,0280;0,4810;0,4910;130;86
India;2020-06-08;265928; 8442; 7473; 266;129095; 5247;129360; 2929;2020;czerwiec; 8;poniedziałek;0,0281;0,4855;0,4864;131;87
India;2020-06-09;276146;10218; 7750; 277;134670; 5575;133726; 4366;2020;czerwiec; 9;wtorek;0,0281;0,4877;0,4843;132;88
India;2020-06-10;286605;10459; 8102; 352;135206;  536;143297; 9571;2020;czerwiec;10;środa;0,0283;0,4718;0,5000;133;89
India;2020-06-11;297535;10930; 8498; 396;147195;11989;141842;-1455;2020;czerwiec;11;czwartek;0,0286;0,4947;0,4767;134;90
India;2020-06-12;308993;11458; 8884; 386;154330; 7135;145779; 3937;2020;czerwiec;12;piątek;0,0288;0,4995;0,4718;135;91
India;2020-06-13;320922;11929; 9195; 311;162379; 8049;149348; 3569;2020;czerwiec;13;sobota;0,0287;0,5060;0,4654;136;92
India;2020-06-14;332424;11502; 9520; 325;169798; 7419;153106; 3758;2020;czerwiec;14;niedziela;0,0286;0,5108;0,4606;137;93
India;2020-06-15;343091;10667; 9900; 380;180013;10215;153178;   72;2020;czerwiec;15;poniedziałek;0,0289;0,5247;0,4465;138;94
India;2020-06-16;354065;10974;11903;2003;186935; 6922;155227; 2049;2020;czerwiec;16;wtorek;0,0336;0,5280;0,4384;139;95
