Country;Date;Confirmed;New_Confirmed;Deaths;New_Deaths;Recovered;New_Recovered;Active;New_Active;Year;Month;Day;Week_Day;Deaths_Ratio;Recovered_Ratio;Active_Ratio;Day_Since_1st_Confirmed;Day_Since_100st_Confirmed
Iran;2020-02-19;     2;   2;    2;  2;     0;   0;    0;    0;2020;luty;19;środa;1,0000;0,0000;0,0000;  1;  0
Iran;2020-02-20;     5;   3;    2;  0;     0;   0;    3;    3;2020;luty;20;czwartek;0,4000;0,0000;0,6000;  2;  0
Iran;2020-02-21;    18;  13;    4;  2;     0;   0;   14;   11;2020;luty;21;piątek;0,2222;0,0000;0,7778;  3;  0
Iran;2020-02-22;    28;  10;    5;  1;     0;   0;   23;    9;2020;luty;22;sobota;0,1786;0,0000;0,8214;  4;  0
Iran;2020-02-23;    43;  15;    8;  3;     0;   0;   35;   12;2020;luty;23;niedziela;0,1860;0,0000;0,8140;  5;  0
Iran;2020-02-24;    61;  18;   12;  4;     0;   0;   49;   14;2020;luty;24;poniedziałek;0,1967;0,0000;0,8033;  6;  0
Iran;2020-02-25;    95;  34;   16;  4;     0;   0;   79;   30;2020;luty;25;wtorek;0,1684;0,0000;0,8316;  7;  0
Iran;2020-02-26;   139;  44;   19;  3;    49;  49;   71;   -8;2020;luty;26;środa;0,1367;0,3525;0,5108;  8;  1
Iran;2020-02-27;   245; 106;   26;  7;    49;   0;  170;   99;2020;luty;27;czwartek;0,1061;0,2000;0,6939;  9;  2
Iran;2020-02-28;   388; 143;   34;  8;    73;  24;  281;  111;2020;luty;28;piątek;0,0876;0,1881;0,7242; 10;  3
Iran;2020-02-29;   593; 205;   43;  9;   123;  50;  427;  146;2020;luty;29;sobota;0,0725;0,2074;0,7201; 11;  4
Iran;2020-03-01;   978; 385;   54; 11;   175;  52;  749;  322;2020;marzec; 1;niedziela;0,0552;0,1789;0,7658; 12;  5
Iran;2020-03-02;  1501; 523;   66; 12;   291; 116; 1144;  395;2020;marzec; 2;poniedziałek;0,0440;0,1939;0,7622; 13;  6
Iran;2020-03-03;  2336; 835;   77; 11;   291;   0; 1968;  824;2020;marzec; 3;wtorek;0,0330;0,1246;0,8425; 14;  7
Iran;2020-03-04;  2922; 586;   92; 15;   552; 261; 2278;  310;2020;marzec; 4;środa;0,0315;0,1889;0,7796; 15;  8
Iran;2020-03-05;  3513; 591;  107; 15;   739; 187; 2667;  389;2020;marzec; 5;czwartek;0,0305;0,2104;0,7592; 16;  9
Iran;2020-03-06;  4747;1234;  124; 17;   913; 174; 3710; 1043;2020;marzec; 6;piątek;0,0261;0,1923;0,7815; 17; 10
Iran;2020-03-07;  5823;1076;  145; 21;  1669; 756; 4009;  299;2020;marzec; 7;sobota;0,0249;0,2866;0,6885; 18; 11
Iran;2020-03-08;  6566; 743;  194; 49;  2134; 465; 4238;  229;2020;marzec; 8;niedziela;0,0295;0,3250;0,6454; 19; 12
Iran;2020-03-09;  7161; 595;  237; 43;  2394; 260; 4530;  292;2020;marzec; 9;poniedziałek;0,0331;0,3343;0,6326; 20; 13
Iran;2020-03-10;  8042; 881;  291; 54;  2731; 337; 5020;  490;2020;marzec;10;wtorek;0,0362;0,3396;0,6242; 21; 14
Iran;2020-03-11;  9000; 958;  354; 63;  2959; 228; 5687;  667;2020;marzec;11;środa;0,0393;0,3288;0,6319; 22; 15
Iran;2020-03-12; 10075;1075;  429; 75;  2959;   0; 6687; 1000;2020;marzec;12;czwartek;0,0426;0,2937;0,6637; 23; 16
Iran;2020-03-13; 11364;1289;  514; 85;  2959;   0; 7891; 1204;2020;marzec;13;piątek;0,0452;0,2604;0,6944; 24; 17
Iran;2020-03-14; 12729;1365;  611; 97;  2959;   0; 9159; 1268;2020;marzec;14;sobota;0,0480;0,2325;0,7195; 25; 18
Iran;2020-03-15; 13938;1209;  724;113;  4590;1631; 8624; -535;2020;marzec;15;niedziela;0,0519;0,3293;0,6187; 26; 19
Iran;2020-03-16; 14991;1053;  853;129;  4590;   0; 9548;  924;2020;marzec;16;poniedziałek;0,0569;0,3062;0,6369; 27; 20
Iran;2020-03-17; 16169;1178;  988;135;  5389; 799; 9792;  244;2020;marzec;17;wtorek;0,0611;0,3333;0,6056; 28; 21
Iran;2020-03-18; 17361;1192; 1135;147;  5389;   0;10837; 1045;2020;marzec;18;środa;0,0654;0,3104;0,6242; 29; 22
Iran;2020-03-19; 18407;1046; 1284;149;  5710; 321;11413;  576;2020;marzec;19;czwartek;0,0698;0,3102;0,6200; 30; 23
Iran;2020-03-20; 19644;1237; 1433;149;  6745;1035;11466;   53;2020;marzec;20;piątek;0,0729;0,3434;0,5837; 31; 24
Iran;2020-03-21; 20610; 966; 1556;123;  7635; 890;11419;  -47;2020;marzec;21;sobota;0,0755;0,3705;0,5541; 32; 25
Iran;2020-03-22; 21638;1028; 1685;129;  7931; 296;12022;  603;2020;marzec;22;niedziela;0,0779;0,3665;0,5556; 33; 26
Iran;2020-03-23; 23049;1411; 1812;127;  7931;   0;13306; 1284;2020;marzec;23;poniedziałek;0,0786;0,3441;0,5773; 34; 27
Iran;2020-03-24; 24811;1762; 1934;122;  8913; 982;13964;  658;2020;marzec;24;wtorek;0,0779;0,3592;0,5628; 35; 28
Iran;2020-03-25; 27017;2206; 2077;143;  9625; 712;15315; 1351;2020;marzec;25;środa;0,0769;0,3563;0,5669; 36; 29
Iran;2020-03-26; 29406;2389; 2234;157; 10457; 832;16715; 1400;2020;marzec;26;czwartek;0,0760;0,3556;0,5684; 37; 30
Iran;2020-03-27; 32332;2926; 2378;144; 11133; 676;18821; 2106;2020;marzec;27;piątek;0,0735;0,3443;0,5821; 38; 31
Iran;2020-03-28; 35408;3076; 2517;139; 11679; 546;21212; 2391;2020;marzec;28;sobota;0,0711;0,3298;0,5991; 39; 32
Iran;2020-03-29; 38309;2901; 2640;123; 12391; 712;23278; 2066;2020;marzec;29;niedziela;0,0689;0,3234;0,6076; 40; 33
Iran;2020-03-30; 41495;3186; 2757;117; 13911;1520;24827; 1549;2020;marzec;30;poniedziałek;0,0664;0,3352;0,5983; 41; 34
Iran;2020-03-31; 44605;3110; 2898;141; 14656; 745;27051; 2224;2020;marzec;31;wtorek;0,0650;0,3286;0,6065; 42; 35
Iran;2020-04-01; 47593;2988; 3036;138; 15473; 817;29084; 2033;2020;kwiecień; 1;środa;0,0638;0,3251;0,6111; 43; 36
Iran;2020-04-02; 50468;2875; 3160;124; 16711;1238;30597; 1513;2020;kwiecień; 2;czwartek;0,0626;0,3311;0,6063; 44; 37
Iran;2020-04-03; 53183;2715; 3294;134; 17935;1224;31954; 1357;2020;kwiecień; 3;piątek;0,0619;0,3372;0,6008; 45; 38
Iran;2020-04-04; 55743;2560; 3452;158; 19736;1801;32555;  601;2020;kwiecień; 4;sobota;0,0619;0,3541;0,5840; 46; 39
Iran;2020-04-05; 58226;2483; 3603;151; 19736;   0;34887; 2332;2020;kwiecień; 5;niedziela;0,0619;0,3390;0,5992; 47; 40
Iran;2020-04-06; 60500;2274; 3739;136; 24236;4500;32525;-2362;2020;kwiecień; 6;poniedziałek;0,0618;0,4006;0,5376; 48; 41
Iran;2020-04-07; 62589;2089; 3872;133; 27039;2803;31678; -847;2020;kwiecień; 7;wtorek;0,0619;0,4320;0,5061; 49; 42
Iran;2020-04-08; 64586;1997; 3993;121; 29812;2773;30781; -897;2020;kwiecień; 8;środa;0,0618;0,4616;0,4766; 50; 43
Iran;2020-04-09; 66220;1634; 4110;117; 32309;2497;29801; -980;2020;kwiecień; 9;czwartek;0,0621;0,4879;0,4500; 51; 44
Iran;2020-04-10; 68192;1972; 4232;122; 35465;3156;28495;-1306;2020;kwiecień;10;piątek;0,0621;0,5201;0,4179; 52; 45
Iran;2020-04-11; 70029;1837; 4357;125; 41947;6482;23725;-4770;2020;kwiecień;11;sobota;0,0622;0,5990;0,3388; 53; 46
Iran;2020-04-12; 71686;1657; 4474;117; 43894;1947;23318; -407;2020;kwiecień;12;niedziela;0,0624;0,6123;0,3253; 54; 47
Iran;2020-04-13; 73303;1617; 4585;111; 45983;2089;22735; -583;2020;kwiecień;13;poniedziałek;0,0625;0,6273;0,3102; 55; 48
Iran;2020-04-14; 74877;1574; 4683; 98; 48129;2146;22065; -670;2020;kwiecień;14;wtorek;0,0625;0,6428;0,2947; 56; 49
Iran;2020-04-15; 76389;1512; 4777; 94; 49933;1804;21679; -386;2020;kwiecień;15;środa;0,0625;0,6537;0,2838; 57; 50
Iran;2020-04-16; 77995;1606; 4869; 92; 52229;2296;20897; -782;2020;kwiecień;16;czwartek;0,0624;0,6696;0,2679; 58; 51
Iran;2020-04-17; 79494;1499; 4958; 89; 54064;1835;20472; -425;2020;kwiecień;17;piątek;0,0624;0,6801;0,2575; 59; 52
Iran;2020-04-18; 80868;1374; 5031; 73; 55987;1923;19850; -622;2020;kwiecień;18;sobota;0,0622;0,6923;0,2455; 60; 53
Iran;2020-04-19; 82211;1343; 5118; 87; 57023;1036;20070;  220;2020;kwiecień;19;niedziela;0,0623;0,6936;0,2441; 61; 54
Iran;2020-04-20; 83505;1294; 5209; 91; 59273;2250;19023;-1047;2020;kwiecień;20;poniedziałek;0,0624;0,7098;0,2278; 62; 55
Iran;2020-04-21; 84802;1297; 5297; 88; 60965;1692;18540; -483;2020;kwiecień;21;wtorek;0,0625;0,7189;0,2186; 63; 56
Iran;2020-04-22; 85996;1194; 5391; 94; 63113;2148;17492;-1048;2020;kwiecień;22;środa;0,0627;0,7339;0,2034; 64; 57
Iran;2020-04-23; 87026;1030; 5481; 90; 64843;1730;16702; -790;2020;kwiecień;23;czwartek;0,0630;0,7451;0,1919; 65; 58
Iran;2020-04-24; 88194;1168; 5574; 93; 66599;1756;16021; -681;2020;kwiecień;24;piątek;0,0632;0,7551;0,1817; 66; 59
Iran;2020-04-25; 89328;1134; 5650; 76; 68193;1594;15485; -536;2020;kwiecień;25;sobota;0,0633;0,7634;0,1733; 67; 60
Iran;2020-04-26; 90481;1153; 5710; 60; 69657;1464;15114; -371;2020;kwiecień;26;niedziela;0,0631;0,7699;0,1670; 68; 61
Iran;2020-04-27; 91472; 991; 5806; 96; 70933;1276;14733; -381;2020;kwiecień;27;poniedziałek;0,0635;0,7755;0,1611; 69; 62
Iran;2020-04-28; 92584;1112; 5877; 71; 72439;1506;14268; -465;2020;kwiecień;28;wtorek;0,0635;0,7824;0,1541; 70; 63
Iran;2020-04-29; 93657;1073; 5957; 80; 73791;1352;13909; -359;2020;kwiecień;29;środa;0,0636;0,7879;0,1485; 71; 64
Iran;2020-04-30; 94640; 983; 6028; 71; 75103;1312;13509; -400;2020;kwiecień;30;czwartek;0,0637;0,7936;0,1427; 72; 65
Iran;2020-05-01; 95646;1006; 6091; 63; 76318;1215;13237; -272;2020;maj; 1;piątek;0,0637;0,7979;0,1384; 73; 66
Iran;2020-05-02; 96448; 802; 6156; 65; 77350;1032;12942; -295;2020;maj; 2;sobota;0,0638;0,8020;0,1342; 74; 67
Iran;2020-05-03; 97424; 976; 6203; 47; 78422;1072;12799; -143;2020;maj; 3;niedziela;0,0637;0,8050;0,1314; 75; 68
Iran;2020-05-04; 98647;1223; 6277; 74; 79379; 957;12991;  192;2020;maj; 4;poniedziałek;0,0636;0,8047;0,1317; 76; 69
Iran;2020-05-05; 99970;1323; 6340; 63; 80475;1096;13155;  164;2020;maj; 5;wtorek;0,0634;0,8050;0,1316; 77; 70
Iran;2020-05-06;101650;1680; 6418; 78; 81587;1112;13645;  490;2020;maj; 6;środa;0,0631;0,8026;0,1342; 78; 71
Iran;2020-05-07;103135;1485; 6486; 68; 82744;1157;13905;  260;2020;maj; 7;czwartek;0,0629;0,8023;0,1348; 79; 72
Iran;2020-05-08;104691;1556; 6541; 55; 83837;1093;14313;  408;2020;maj; 8;piątek;0,0625;0,8008;0,1367; 80; 73
Iran;2020-05-09;106220;1529; 6589; 48; 85064;1227;14567;  254;2020;maj; 9;sobota;0,0620;0,8008;0,1371; 81; 74
Iran;2020-05-10;107603;1383; 6640; 51; 86143;1079;14820;  253;2020;maj;10;niedziela;0,0617;0,8006;0,1377; 82; 75
Iran;2020-05-11;109286;1683; 6685; 45; 87422;1279;15179;  359;2020;maj;11;poniedziałek;0,0612;0,7999;0,1389; 83; 76
Iran;2020-05-12;110767;1481; 6733; 48; 88357; 935;15677;  498;2020;maj;12;wtorek;0,0608;0,7977;0,1415; 84; 77
Iran;2020-05-13;112725;1958; 6783; 50; 89428;1071;16514;  837;2020;maj;13;środa;0,0602;0,7933;0,1465; 85; 78
Iran;2020-05-14;114533;1808; 6854; 71; 90539;1111;17140;  626;2020;maj;14;czwartek;0,0598;0,7905;0,1497; 86; 79
Iran;2020-05-15;116635;2102; 6902; 48; 91836;1297;17897;  757;2020;maj;15;piątek;0,0592;0,7874;0,1534; 87; 80
Iran;2020-05-16;118392;1757; 6937; 35; 93147;1311;18308;  411;2020;maj;16;sobota;0,0586;0,7868;0,1546; 88; 81
Iran;2020-05-17;120198;1806; 6988; 51; 94464;1317;18746;  438;2020;maj;17;niedziela;0,0581;0,7859;0,1560; 89; 82
Iran;2020-05-18;122492;2294; 7057; 69; 95661;1197;19774; 1028;2020;maj;18;poniedziałek;0,0576;0,7810;0,1614; 90; 83
Iran;2020-05-19;124603;2111; 7119; 62; 97173;1512;20311;  537;2020;maj;19;wtorek;0,0571;0,7799;0,1630; 91; 84
Iran;2020-05-20;126949;2346; 7183; 64; 98808;1635;20958;  647;2020;maj;20;środa;0,0566;0,7783;0,1651; 92; 85
Iran;2020-05-21;129341;2392; 7249; 66;100564;1756;21528;  570;2020;maj;21;czwartek;0,0560;0,7775;0,1664; 93; 86
Iran;2020-05-22;131652;2311; 7300; 51;102276;1712;22076;  548;2020;maj;22;piątek;0,0554;0,7769;0,1677; 94; 87
Iran;2020-05-23;133521;1869; 7359; 59;104072;1796;22090;   14;2020;maj;23;sobota;0,0551;0,7794;0,1654; 95; 88
Iran;2020-05-24;135701;2180; 7417; 58;105801;1729;22483;  393;2020;maj;24;niedziela;0,0547;0,7797;0,1657; 96; 89
Iran;2020-05-25;137724;2023; 7451; 34;107713;1912;22560;   77;2020;maj;25;poniedziałek;0,0541;0,7821;0,1638; 97; 90
Iran;2020-05-26;139511;1787; 7508; 57;109437;1724;22566;    6;2020;maj;26;wtorek;0,0538;0,7844;0,1618; 98; 91
Iran;2020-05-27;141591;2080; 7564; 56;111176;1739;22851;  285;2020;maj;27;środa;0,0534;0,7852;0,1614; 99; 92
Iran;2020-05-28;143849;2258; 7627; 63;112988;1812;23234;  383;2020;maj;28;czwartek;0,0530;0,7855;0,1615;100; 93
Iran;2020-05-29;146668;2819; 7677; 50;114931;1943;24060;  826;2020;maj;29;piątek;0,0523;0,7836;0,1640;101; 94
Iran;2020-05-30;148950;2282; 7734; 57;116827;1896;24389;  329;2020;maj;30;sobota;0,0519;0,7843;0,1637;102; 95
Iran;2020-05-31;151466;2516; 7797; 63;118848;2021;24821;  432;2020;maj;31;niedziela;0,0515;0,7847;0,1639;103; 96
Iran;2020-06-01;154445;2979; 7878; 81;121004;2156;25563;  742;2020;czerwiec; 1;poniedziałek;0,0510;0,7835;0,1655;104; 97
Iran;2020-06-02;157562;3117; 7942; 64;123077;2073;26543;  980;2020;czerwiec; 2;wtorek;0,0504;0,7811;0,1685;105; 98
Iran;2020-06-03;160696;3134; 8012; 70;125206;2129;27478;  935;2020;czerwiec; 3;środa;0,0499;0,7791;0,1710;106; 99
Iran;2020-06-04;164270;3574; 8071; 59;127485;2279;28714; 1236;2020;czerwiec; 4;czwartek;0,0491;0,7761;0,1748;107;100
Iran;2020-06-05;167156;2886; 8134; 63;129741;2256;29281;  567;2020;czerwiec; 5;piątek;0,0487;0,7762;0,1752;108;101
Iran;2020-06-06;169425;2269; 8209; 75;132038;2297;29178; -103;2020;czerwiec; 6;sobota;0,0485;0,7793;0,1722;109;102
Iran;2020-06-07;171789;2364; 8281; 72;134349;2311;29159;  -19;2020;czerwiec; 7;niedziela;0,0482;0,7821;0,1697;110;103
Iran;2020-06-08;173832;2043; 8351; 70;136360;2011;29121;  -38;2020;czerwiec; 8;poniedziałek;0,0480;0,7844;0,1675;111;104
Iran;2020-06-09;175927;2095; 8425; 74;138457;2097;29045;  -76;2020;czerwiec; 9;wtorek;0,0479;0,7870;0,1651;112;105
Iran;2020-06-10;177938;2011; 8506; 81;140590;2133;28842; -203;2020;czerwiec;10;środa;0,0478;0,7901;0,1621;113;106
Iran;2020-06-11;180156;2218; 8584; 78;142663;2073;28909;   67;2020;czerwiec;11;czwartek;0,0476;0,7919;0,1605;114;107
Iran;2020-06-12;182525;2369; 8659; 75;144649;1986;29217;  308;2020;czerwiec;12;piątek;0,0474;0,7925;0,1601;115;108
Iran;2020-06-13;184955;2430; 8730; 71;146748;2099;29477;  260;2020;czerwiec;13;sobota;0,0472;0,7934;0,1594;116;109
Iran;2020-06-14;187427;2472; 8837;107;148674;1926;29916;  439;2020;czerwiec;14;niedziela;0,0471;0,7932;0,1596;117;110
Iran;2020-06-15;189876;2449; 8950;113;150590;1916;30336;  420;2020;czerwiec;15;poniedziałek;0,0471;0,7931;0,1598;118;111
Iran;2020-06-16;192439;2563; 9065;115;152675;2085;30699;  363;2020;czerwiec;16;wtorek;0,0471;0,7934;0,1595;119;112
Iran;2020-06-17;195051;2612; 9185;120;154812;2137;31054;  355;2020;czerwiec;17;środa;0,0471;0,7937;0,1592;120;113
Iran;2020-06-18;197647;2596; 9272; 87;156991;2179;31384;  330;2020;czerwiec;18;czwartek;0,0469;0,7943;0,1588;121;114
Iran;2020-06-19;200262;2615; 9392;120;159192;2201;31678;  294;2020;czerwiec;19;piątek;0,0469;0,7949;0,1582;122;115
Iran;2020-06-20;202584;2322; 9507;115;161384;2192;31693;   15;2020;czerwiec;20;sobota;0,0469;0,7966;0,1564;123;116
Iran;2020-06-21;204952;2368; 9623;116;163591;2207;31738;   45;2020;czerwiec;21;niedziela;0,0470;0,7982;0,1549;124;117
Iran;2020-06-22;207525;2573; 9742;119;166427;2836;31356; -382;2020;czerwiec;22;poniedziałek;0,0469;0,8020;0,1511;125;118
Iran;2020-06-23;209970;2445; 9863;121;169160;2733;30947; -409;2020;czerwiec;23;wtorek;0,0470;0,8056;0,1474;126;119
Iran;2020-06-24;212501;2531; 9996;133;172096;2936;30409; -538;2020;czerwiec;24;środa;0,0470;0,8099;0,1431;127;120
Iran;2020-06-25;215096;2595;10130;134;175103;3007;29863; -546;2020;czerwiec;25;czwartek;0,0471;0,8141;0,1388;128;121
Iran;2020-06-26;217724;2628;10239;109;177852;2749;29633; -230;2020;czerwiec;26;piątek;0,0470;0,8169;0,1361;129;122
Iran;2020-06-27;220180;2456;10364;125;180661;2809;29155; -478;2020;czerwiec;27;sobota;0,0471;0,8205;0,1324;130;123
Iran;2020-06-28;222669;2489;10508;144;183310;2649;28851; -304;2020;czerwiec;28;niedziela;0,0472;0,8232;0,1296;131;124
Iran;2020-06-29;225205;2536;10670;162;186180;2870;28355; -496;2020;czerwiec;29;poniedziałek;0,0474;0,8267;0,1259;132;125
Iran;2020-06-30;227662;2457;10817;147;188758;2578;28087; -268;2020;czerwiec;30;wtorek;0,0475;0,8291;0,1234;133;126
Iran;2020-07-01;230211;2549;10958;141;191487;2729;27766; -321;2020;lipiec; 1;środa;0,0476;0,8318;0,1206;134;127
Iran;2020-07-02;232863;2652;11106;148;194098;2611;27659; -107;2020;lipiec; 2;czwartek;0,0477;0,8335;0,1188;135;128
Iran;2020-07-03;235429;2566;11260;154;196446;2348;27723;   64;2020;lipiec; 3;piątek;0,0478;0,8344;0,1178;136;129
Iran;2020-07-04;237878;2449;11408;148;198949;2503;27521; -202;2020;lipiec; 4;sobota;0,0480;0,8363;0,1157;137;130
Iran;2020-07-05;240438;2560;11571;163;201330;2381;27537;   16;2020;lipiec; 5;niedziela;0,0481;0,8373;0,1145;138;131
Iran;2020-07-06;243051;2613;11731;160;204083;2753;27237; -300;2020;lipiec; 6;poniedziałek;0,0483;0,8397;0,1121;139;132
Iran;2020-07-07;245688;2637;11931;200;207000;2917;26757; -480;2020;lipiec; 7;wtorek;0,0486;0,8425;0,1089;140;133
Iran;2020-07-08;248379;2691;12084;153;209463;2463;26832;   75;2020;lipiec; 8;środa;0,0487;0,8433;0,1080;141;134
Iran;2020-07-09;250458;2079;12305;221;212176;2713;25977; -855;2020;lipiec; 9;czwartek;0,0491;0,8472;0,1037;142;135
Iran;2020-07-10;252720;2262;12447;142;215015;2839;25258; -719;2020;lipiec;10;piątek;0,0493;0,8508;0,0999;143;136
Iran;2020-07-11;255117;2397;12635;188;217666;2651;24816; -442;2020;lipiec;11;sobota;0,0495;0,8532;0,0973;144;137
Iran;2020-07-12;257303;2186;12829;194;219993;2327;24481; -335;2020;lipiec;12;niedziela;0,0499;0,8550;0,0951;145;138
Iran;2020-07-13;259652;2349;13032;203;222539;2546;24081; -400;2020;lipiec;13;poniedziałek;0,0502;0,8571;0,0927;146;139
Iran;2020-07-14;262173;2521;13211;179;225270;2731;23692; -389;2020;lipiec;14;wtorek;0,0504;0,8592;0,0904;147;140
