Country;Date;Confirmed;New_Confirmed;Deaths;New_Deaths;Recovered;New_Recovered;Active;New_Active;Year;Month;Day;Week_Day;Deaths_Ratio;Recovered_Ratio;Active_Ratio;Day_Since_1st_Confirmed;Day_Since_100st_Confirmed
Iraq;2020-02-24;   1;   1;  0; 0;   0;  0;   1;  1;2020;luty;24;poniedziałek;0,0000;0,0000;1,0000;  1; 0
Iraq;2020-02-25;   1;   0;  0; 0;   0;  0;   1;  0;2020;luty;25;wtorek;0,0000;0,0000;1,0000;  2; 0
Iraq;2020-02-26;   5;   4;  0; 0;   0;  0;   5;  4;2020;luty;26;środa;0,0000;0,0000;1,0000;  3; 0
Iraq;2020-02-27;   7;   2;  0; 0;   0;  0;   7;  2;2020;luty;27;czwartek;0,0000;0,0000;1,0000;  4; 0
Iraq;2020-02-28;   7;   0;  0; 0;   0;  0;   7;  0;2020;luty;28;piątek;0,0000;0,0000;1,0000;  5; 0
Iraq;2020-02-29;  13;   6;  0; 0;   0;  0;  13;  6;2020;luty;29;sobota;0,0000;0,0000;1,0000;  6; 0
Iraq;2020-03-01;  19;   6;  0; 0;   0;  0;  19;  6;2020;marzec; 1;niedziela;0,0000;0,0000;1,0000;  7; 0
Iraq;2020-03-02;  26;   7;  0; 0;   0;  0;  26;  7;2020;marzec; 2;poniedziałek;0,0000;0,0000;1,0000;  8; 0
Iraq;2020-03-03;  32;   6;  0; 0;   0;  0;  32;  6;2020;marzec; 3;wtorek;0,0000;0,0000;1,0000;  9; 0
Iraq;2020-03-04;  35;   3;  2; 2;   0;  0;  33;  1;2020;marzec; 4;środa;0,0571;0,0000;0,9429; 10; 0
Iraq;2020-03-05;  35;   0;  2; 0;   0;  0;  33;  0;2020;marzec; 5;czwartek;0,0571;0,0000;0,9429; 11; 0
Iraq;2020-03-06;  40;   5;  3; 1;   0;  0;  37;  4;2020;marzec; 6;piątek;0,0750;0,0000;0,9250; 12; 0
Iraq;2020-03-07;  54;  14;  4; 1;   0;  0;  50; 13;2020;marzec; 7;sobota;0,0741;0,0000;0,9259; 13; 0
Iraq;2020-03-08;  60;   6;  6; 2;   0;  0;  54;  4;2020;marzec; 8;niedziela;0,1000;0,0000;0,9000; 14; 0
Iraq;2020-03-09;  60;   0;  6; 0;   3;  3;  51; -3;2020;marzec; 9;poniedziałek;0,1000;0,0500;0,8500; 15; 0
Iraq;2020-03-10;  71;  11;  7; 1;   3;  0;  61; 10;2020;marzec;10;wtorek;0,0986;0,0423;0,8592; 16; 0
Iraq;2020-03-11;  71;   0;  7; 0;  15; 12;  49;-12;2020;marzec;11;środa;0,0986;0,2113;0,6901; 17; 0
Iraq;2020-03-12;  71;   0;  8; 1;  15;  0;  48; -1;2020;marzec;12;czwartek;0,1127;0,2113;0,6761; 18; 0
Iraq;2020-03-13; 101;  30;  9; 1;  24;  9;  68; 20;2020;marzec;13;piątek;0,0891;0,2376;0,6733; 19; 1
Iraq;2020-03-14; 110;   9; 10; 1;  26;  2;  74;  6;2020;marzec;14;sobota;0,0909;0,2364;0,6727; 20; 2
Iraq;2020-03-15; 116;   6; 10; 0;  26;  0;  80;  6;2020;marzec;15;niedziela;0,0862;0,2241;0,6897; 21; 3
Iraq;2020-03-16; 124;   8; 10; 0;  26;  0;  88;  8;2020;marzec;16;poniedziałek;0,0806;0,2097;0,7097; 22; 4
Iraq;2020-03-17; 154;  30; 11; 1;  32;  6; 111; 23;2020;marzec;17;wtorek;0,0714;0,2078;0,7208; 23; 5
Iraq;2020-03-18; 164;  10; 12; 1;  43; 11; 109; -2;2020;marzec;18;środa;0,0732;0,2622;0,6646; 24; 6
Iraq;2020-03-19; 192;  28; 13; 1;  43;  0; 136; 27;2020;marzec;19;czwartek;0,0677;0,2240;0,7083; 25; 7
Iraq;2020-03-20; 208;  16; 17; 4;  49;  6; 142;  6;2020;marzec;20;piątek;0,0817;0,2356;0,6827; 26; 8
Iraq;2020-03-21; 214;   6; 17; 0;  51;  2; 146;  4;2020;marzec;21;sobota;0,0794;0,2383;0,6822; 27; 9
Iraq;2020-03-22; 233;  19; 20; 3;  57;  6; 156; 10;2020;marzec;22;niedziela;0,0858;0,2446;0,6695; 28;10
Iraq;2020-03-23; 266;  33; 23; 3;  57;  0; 186; 30;2020;marzec;23;poniedziałek;0,0865;0,2143;0,6992; 29;11
Iraq;2020-03-24; 316;  50; 27; 4;  75; 18; 214; 28;2020;marzec;24;wtorek;0,0854;0,2373;0,6772; 30;12
Iraq;2020-03-25; 346;  30; 29; 2; 103; 28; 214;  0;2020;marzec;25;środa;0,0838;0,2977;0,6185; 31;13
Iraq;2020-03-26; 382;  36; 36; 7; 105;  2; 241; 27;2020;marzec;26;czwartek;0,0942;0,2749;0,6309; 32;14
Iraq;2020-03-27; 458;  76; 40; 4; 122; 17; 296; 55;2020;marzec;27;piątek;0,0873;0,2664;0,6463; 33;15
Iraq;2020-03-28; 506;  48; 42; 2; 131;  9; 333; 37;2020;marzec;28;sobota;0,0830;0,2589;0,6581; 34;16
Iraq;2020-03-29; 547;  41; 42; 0; 143; 12; 362; 29;2020;marzec;29;niedziela;0,0768;0,2614;0,6618; 35;17
Iraq;2020-03-30; 630;  83; 46; 4; 152;  9; 432; 70;2020;marzec;30;poniedziałek;0,0730;0,2413;0,6857; 36;18
Iraq;2020-03-31; 694;  64; 50; 4; 170; 18; 474; 42;2020;marzec;31;wtorek;0,0720;0,2450;0,6830; 37;19
Iraq;2020-04-01; 728;  34; 52; 2; 182; 12; 494; 20;2020;kwiecień; 1;środa;0,0714;0,2500;0,6786; 38;20
Iraq;2020-04-02; 772;  44; 54; 2; 202; 20; 516; 22;2020;kwiecień; 2;czwartek;0,0699;0,2617;0,6684; 39;21
Iraq;2020-04-03; 820;  48; 54; 0; 226; 24; 540; 24;2020;kwiecień; 3;piątek;0,0659;0,2756;0,6585; 40;22
Iraq;2020-04-04; 878;  58; 56; 2; 259; 33; 563; 23;2020;kwiecień; 4;sobota;0,0638;0,2950;0,6412; 41;23
Iraq;2020-04-05; 961;  83; 61; 5; 279; 20; 621; 58;2020;kwiecień; 5;niedziela;0,0635;0,2903;0,6462; 42;24
Iraq;2020-04-06;1031;  70; 64; 3; 344; 65; 623;  2;2020;kwiecień; 6;poniedziałek;0,0621;0,3337;0,6043; 43;25
Iraq;2020-04-07;1122;  91; 65; 1; 373; 29; 684; 61;2020;kwiecień; 7;wtorek;0,0579;0,3324;0,6096; 44;26
Iraq;2020-04-08;1202;  80; 69; 4; 452; 79; 681; -3;2020;kwiecień; 8;środa;0,0574;0,3760;0,5666; 45;27
Iraq;2020-04-09;1232;  30; 69; 0; 496; 44; 667;-14;2020;kwiecień; 9;czwartek;0,0560;0,4026;0,5414; 46;28
Iraq;2020-04-10;1279;  47; 70; 1; 550; 54; 659; -8;2020;kwiecień;10;piątek;0,0547;0,4300;0,5152; 47;29
Iraq;2020-04-11;1318;  39; 72; 2; 601; 51; 645;-14;2020;kwiecień;11;sobota;0,0546;0,4560;0,4894; 48;30
Iraq;2020-04-12;1352;  34; 76; 4; 640; 39; 636; -9;2020;kwiecień;12;niedziela;0,0562;0,4734;0,4704; 49;31
Iraq;2020-04-13;1378;  26; 78; 2; 717; 77; 583;-53;2020;kwiecień;13;poniedziałek;0,0566;0,5203;0,4231; 50;32
Iraq;2020-04-14;1400;  22; 78; 0; 766; 49; 556;-27;2020;kwiecień;14;wtorek;0,0557;0,5471;0,3971; 51;33
Iraq;2020-04-15;1415;  15; 79; 1; 812; 46; 524;-32;2020;kwiecień;15;środa;0,0558;0,5739;0,3703; 52;34
Iraq;2020-04-16;1434;  19; 80; 1; 856; 44; 498;-26;2020;kwiecień;16;czwartek;0,0558;0,5969;0,3473; 53;35
Iraq;2020-04-17;1482;  48; 81; 1; 906; 50; 495; -3;2020;kwiecień;17;piątek;0,0547;0,6113;0,3340; 54;36
Iraq;2020-04-18;1513;  31; 82; 1; 953; 47; 478;-17;2020;kwiecień;18;sobota;0,0542;0,6299;0,3159; 55;37
Iraq;2020-04-19;1539;  26; 82; 0;1009; 56; 448;-30;2020;kwiecień;19;niedziela;0,0533;0,6556;0,2911; 56;38
Iraq;2020-04-20;1574;  35; 82; 0;1043; 34; 449;  1;2020;kwiecień;20;poniedziałek;0,0521;0,6626;0,2853; 57;39
Iraq;2020-04-21;1602;  28; 83; 1;1096; 53; 423;-26;2020;kwiecień;21;wtorek;0,0518;0,6841;0,2640; 58;40
Iraq;2020-04-22;1631;  29; 83; 0;1146; 50; 402;-21;2020;kwiecień;22;środa;0,0509;0,7026;0,2465; 59;41
Iraq;2020-04-23;1677;  46; 83; 0;1171; 25; 423; 21;2020;kwiecień;23;czwartek;0,0495;0,6983;0,2522; 60;42
Iraq;2020-04-24;1708;  31; 86; 3;1204; 33; 418; -5;2020;kwiecień;24;piątek;0,0504;0,7049;0,2447; 61;43
Iraq;2020-04-25;1763;  55; 86; 0;1224; 20; 453; 35;2020;kwiecień;25;sobota;0,0488;0,6943;0,2569; 62;44
Iraq;2020-04-26;1820;  57; 87; 1;1263; 39; 470; 17;2020;kwiecień;26;niedziela;0,0478;0,6940;0,2582; 63;45
Iraq;2020-04-27;1847;  27; 88; 1;1286; 23; 473;  3;2020;kwiecień;27;poniedziałek;0,0476;0,6963;0,2561; 64;46
Iraq;2020-04-28;1928;  81; 90; 2;1319; 33; 519; 46;2020;kwiecień;28;wtorek;0,0467;0,6841;0,2692; 65;47
Iraq;2020-04-29;2003;  75; 92; 2;1346; 27; 565; 46;2020;kwiecień;29;środa;0,0459;0,6720;0,2821; 66;48
Iraq;2020-04-30;2085;  82; 93; 1;1375; 29; 617; 52;2020;kwiecień;30;czwartek;0,0446;0,6595;0,2959; 67;49
Iraq;2020-05-01;2153;  68; 94; 1;1414; 39; 645; 28;2020;maj; 1;piątek;0,0437;0,6568;0,2996; 68;50
Iraq;2020-05-02;2219;  66; 95; 1;1473; 59; 651;  6;2020;maj; 2;sobota;0,0428;0,6638;0,2934; 69;51
Iraq;2020-05-03;2296;  77; 97; 2;1490; 17; 709; 58;2020;maj; 3;niedziela;0,0422;0,6490;0,3088; 70;52
Iraq;2020-05-04;2346;  50; 98; 1;1544; 54; 704; -5;2020;maj; 4;poniedziałek;0,0418;0,6581;0,3001; 71;53
Iraq;2020-05-05;2431;  85;102; 4;1571; 27; 758; 54;2020;maj; 5;wtorek;0,0420;0,6462;0,3118; 72;54
Iraq;2020-05-06;2480;  49;102; 0;1602; 31; 776; 18;2020;maj; 6;środa;0,0411;0,6460;0,3129; 73;55
Iraq;2020-05-07;2543;  63;102; 0;1626; 24; 815; 39;2020;maj; 7;czwartek;0,0401;0,6394;0,3205; 74;56
Iraq;2020-05-08;2603;  60;104; 2;1661; 35; 838; 23;2020;maj; 8;piątek;0,0400;0,6381;0,3219; 75;57
Iraq;2020-05-09;2679;  76;107; 3;1702; 41; 870; 32;2020;maj; 9;sobota;0,0399;0,6353;0,3247; 76;58
Iraq;2020-05-10;2767;  88;109; 2;1734; 32; 924; 54;2020;maj;10;niedziela;0,0394;0,6267;0,3339; 77;59
Iraq;2020-05-11;2818;  51;110; 1;1790; 56; 918; -6;2020;maj;11;poniedziałek;0,0390;0,6352;0,3258; 78;60
Iraq;2020-05-12;2913;  95;112; 2;1903;113; 898;-20;2020;maj;12;wtorek;0,0384;0,6533;0,3083; 79;61
Iraq;2020-05-13;3032; 119;115; 3;1966; 63; 951; 53;2020;maj;13;środa;0,0379;0,6484;0,3137; 80;62
Iraq;2020-05-14;3143; 111;115; 0;2028; 62;1000; 49;2020;maj;14;czwartek;0,0366;0,6452;0,3182; 81;63
Iraq;2020-05-15;3193;  50;117; 2;2089; 61; 987;-13;2020;maj;15;piątek;0,0366;0,6542;0,3091; 82;64
Iraq;2020-05-16;3260;  67;121; 4;2126; 37;1013; 26;2020;maj;16;sobota;0,0371;0,6521;0,3107; 83;65
Iraq;2020-05-17;3404; 144;123; 2;2218; 92;1063; 50;2020;maj;17;niedziela;0,0361;0,6516;0,3123; 84;66
Iraq;2020-05-18;3554; 150;127; 4;2310; 92;1117; 54;2020;maj;18;poniedziałek;0,0357;0,6500;0,3143; 85;67
Iraq;2020-05-19;3611;  57;131; 4;2366; 56;1114; -3;2020;maj;19;wtorek;0,0363;0,6552;0,3085; 86;68
Iraq;2020-05-20;3724; 113;134; 3;2438; 72;1152; 38;2020;maj;20;środa;0,0360;0,6547;0,3093; 87;69
Iraq;2020-05-21;3877; 153;140; 6;2483; 45;1254;102;2020;maj;21;czwartek;0,0361;0,6404;0,3234; 88;70
Iraq;2020-05-22;3964;  87;147; 7;2532; 49;1285; 31;2020;maj;22;piątek;0,0371;0,6387;0,3242; 89;71
Iraq;2020-05-23;4272; 308;152; 5;2585; 53;1535;250;2020;maj;23;sobota;0,0356;0,6051;0,3593; 90;72
Iraq;2020-05-24;4469; 197;160; 8;2738;153;1571; 36;2020;maj;24;niedziela;0,0358;0,6127;0,3515; 91;73
Iraq;2020-05-25;4632; 163;163; 3;2811; 73;1658; 87;2020;maj;25;poniedziałek;0,0352;0,6069;0,3579; 92;74
Iraq;2020-05-26;4848; 216;169; 6;2852; 41;1827;169;2020;maj;26;wtorek;0,0349;0,5883;0,3769; 93;75
Iraq;2020-05-27;5135; 287;175; 6;2904; 52;2056;229;2020;maj;27;środa;0,0341;0,5655;0,4004; 94;76
Iraq;2020-05-28;5457; 322;179; 4;2971; 67;2307;251;2020;maj;28;czwartek;0,0328;0,5444;0,4228; 95;77
Iraq;2020-05-29;5873; 416;185; 6;3044; 73;2644;337;2020;maj;29;piątek;0,0315;0,5183;0,4502; 96;78
Iraq;2020-05-30;6179; 306;195;10;3110; 66;2874;230;2020;maj;30;sobota;0,0316;0,5033;0,4651; 97;79
Iraq;2020-05-31;6439; 260;205;10;3156; 46;3078;204;2020;maj;31;niedziela;0,0318;0,4901;0,4780; 98;80
Iraq;2020-06-01;6868; 429;215;10;3275;119;3378;300;2020;czerwiec; 1;poniedziałek;0,0313;0,4768;0,4918; 99;81
Iraq;2020-06-02;7387; 519;235;20;3508;233;3644;266;2020;czerwiec; 2;wtorek;0,0318;0,4749;0,4933;100;82
Iraq;2020-06-03;8168; 781;256;21;4095;587;3817;173;2020;czerwiec; 3;środa;0,0313;0,5013;0,4673;101;83
Iraq;2020-06-04;8840; 672;271;15;4338;243;4231;414;2020;czerwiec; 4;czwartek;0,0307;0,4907;0,4786;102;84
Iraq;2020-06-05;9846;1006;285;14;4573;235;4988;757;2020;czerwiec; 5;piątek;0,0289;0,4645;0,5066;103;85
