Country;Date;Confirmed;New_Confirmed;Deaths;New_Deaths;Recovered;New_Recovered;Active;New_Active;Year;Month;Day;Week_Day;Deaths_Ratio;Recovered_Ratio;Active_Ratio;Day_Since_1st_Confirmed;Day_Since_100st_Confirmed
Japan;2020-01-22;    2;   0;  0; 0;    0;   0;    2;    0;2020;styczeń;22;środa;0,0000;0,0000;1,0000;  1;  0
Japan;2020-01-23;    2;   0;  0; 0;    0;   0;    2;    0;2020;styczeń;23;czwartek;0,0000;0,0000;1,0000;  2;  0
Japan;2020-01-24;    2;   0;  0; 0;    0;   0;    2;    0;2020;styczeń;24;piątek;0,0000;0,0000;1,0000;  3;  0
Japan;2020-01-25;    2;   0;  0; 0;    0;   0;    2;    0;2020;styczeń;25;sobota;0,0000;0,0000;1,0000;  4;  0
Japan;2020-01-26;    4;   2;  0; 0;    1;   1;    3;    1;2020;styczeń;26;niedziela;0,0000;0,2500;0,7500;  5;  0
Japan;2020-01-27;    4;   0;  0; 0;    1;   0;    3;    0;2020;styczeń;27;poniedziałek;0,0000;0,2500;0,7500;  6;  0
Japan;2020-01-28;    7;   3;  0; 0;    1;   0;    6;    3;2020;styczeń;28;wtorek;0,0000;0,1429;0,8571;  7;  0
Japan;2020-01-29;    7;   0;  0; 0;    1;   0;    6;    0;2020;styczeń;29;środa;0,0000;0,1429;0,8571;  8;  0
Japan;2020-01-30;   11;   4;  0; 0;    1;   0;   10;    4;2020;styczeń;30;czwartek;0,0000;0,0909;0,9091;  9;  0
Japan;2020-01-31;   15;   4;  0; 0;    1;   0;   14;    4;2020;styczeń;31;piątek;0,0000;0,0667;0,9333; 10;  0
Japan;2020-02-01;   20;   5;  0; 0;    1;   0;   19;    5;2020;luty; 1;sobota;0,0000;0,0500;0,9500; 11;  0
Japan;2020-02-02;   20;   0;  0; 0;    1;   0;   19;    0;2020;luty; 2;niedziela;0,0000;0,0500;0,9500; 12;  0
Japan;2020-02-03;   20;   0;  0; 0;    1;   0;   19;    0;2020;luty; 3;poniedziałek;0,0000;0,0500;0,9500; 13;  0
Japan;2020-02-04;   22;   2;  0; 0;    1;   0;   21;    2;2020;luty; 4;wtorek;0,0000;0,0455;0,9545; 14;  0
Japan;2020-02-05;   22;   0;  0; 0;    1;   0;   21;    0;2020;luty; 5;środa;0,0000;0,0455;0,9545; 15;  0
Japan;2020-02-06;   22;   0;  0; 0;    1;   0;   21;    0;2020;luty; 6;czwartek;0,0000;0,0455;0,9545; 16;  0
Japan;2020-02-07;   25;   3;  0; 0;    1;   0;   24;    3;2020;luty; 7;piątek;0,0000;0,0400;0,9600; 17;  0
Japan;2020-02-08;   25;   0;  0; 0;    1;   0;   24;    0;2020;luty; 8;sobota;0,0000;0,0400;0,9600; 18;  0
Japan;2020-02-09;   26;   1;  0; 0;    1;   0;   25;    1;2020;luty; 9;niedziela;0,0000;0,0385;0,9615; 19;  0
Japan;2020-02-10;   26;   0;  0; 0;    4;   3;   22;   -3;2020;luty;10;poniedziałek;0,0000;0,1538;0,8462; 20;  0
Japan;2020-02-11;   26;   0;  0; 0;    9;   5;   17;   -5;2020;luty;11;wtorek;0,0000;0,3462;0,6538; 21;  0
Japan;2020-02-12;   28;   2;  0; 0;    9;   0;   19;    2;2020;luty;12;środa;0,0000;0,3214;0,6786; 22;  0
Japan;2020-02-13;   28;   0;  1; 1;    9;   0;   18;   -1;2020;luty;13;czwartek;0,0357;0,3214;0,6429; 23;  0
Japan;2020-02-14;   29;   1;  1; 0;    9;   0;   19;    1;2020;luty;14;piątek;0,0345;0,3103;0,6552; 24;  0
Japan;2020-02-15;   43;  14;  1; 0;   12;   3;   30;   11;2020;luty;15;sobota;0,0233;0,2791;0,6977; 25;  0
Japan;2020-02-16;   59;  16;  1; 0;   12;   0;   46;   16;2020;luty;16;niedziela;0,0169;0,2034;0,7797; 26;  0
Japan;2020-02-17;   66;   7;  1; 0;   12;   0;   53;    7;2020;luty;17;poniedziałek;0,0152;0,1818;0,8030; 27;  0
Japan;2020-02-18;   74;   8;  1; 0;   13;   1;   60;    7;2020;luty;18;wtorek;0,0135;0,1757;0,8108; 28;  0
Japan;2020-02-19;   84;  10;  1; 0;   18;   5;   65;    5;2020;luty;19;środa;0,0119;0,2143;0,7738; 29;  0
Japan;2020-02-20;   94;  10;  1; 0;   18;   0;   75;   10;2020;luty;20;czwartek;0,0106;0,1915;0,7979; 30;  0
Japan;2020-02-21;  105;  11;  1; 0;   22;   4;   82;    7;2020;luty;21;piątek;0,0095;0,2095;0,7810; 31;  1
Japan;2020-02-22;  122;  17;  1; 0;   22;   0;   99;   17;2020;luty;22;sobota;0,0082;0,1803;0,8115; 32;  2
Japan;2020-02-23;  147;  25;  1; 0;   22;   0;  124;   25;2020;luty;23;niedziela;0,0068;0,1497;0,8435; 33;  3
Japan;2020-02-24;  159;  12;  1; 0;   22;   0;  136;   12;2020;luty;24;poniedziałek;0,0063;0,1384;0,8553; 34;  4
Japan;2020-02-25;  170;  11;  1; 0;   22;   0;  147;   11;2020;luty;25;wtorek;0,0059;0,1294;0,8647; 35;  5
Japan;2020-02-26;  189;  19;  2; 1;   22;   0;  165;   18;2020;luty;26;środa;0,0106;0,1164;0,8730; 36;  6
Japan;2020-02-27;  214;  25;  4; 2;   22;   0;  188;   23;2020;luty;27;czwartek;0,0187;0,1028;0,8785; 37;  7
Japan;2020-02-28;  228;  14;  4; 0;   22;   0;  202;   14;2020;luty;28;piątek;0,0175;0,0965;0,8860; 38;  8
Japan;2020-02-29;  241;  13;  5; 1;   32;  10;  204;    2;2020;luty;29;sobota;0,0207;0,1328;0,8465; 39;  9
Japan;2020-03-01;  256;  15;  6; 1;   32;   0;  218;   14;2020;marzec; 1;niedziela;0,0234;0,1250;0,8516; 40; 10
Japan;2020-03-02;  274;  18;  6; 0;   32;   0;  236;   18;2020;marzec; 2;poniedziałek;0,0219;0,1168;0,8613; 41; 11
Japan;2020-03-03;  293;  19;  6; 0;   43;  11;  244;    8;2020;marzec; 3;wtorek;0,0205;0,1468;0,8328; 42; 12
Japan;2020-03-04;  331;  38;  6; 0;   43;   0;  282;   38;2020;marzec; 4;środa;0,0181;0,1299;0,8520; 43; 13
Japan;2020-03-05;  360;  29;  6; 0;   43;   0;  311;   29;2020;marzec; 5;czwartek;0,0167;0,1194;0,8639; 44; 14
Japan;2020-03-06;  420;  60;  6; 0;   46;   3;  368;   57;2020;marzec; 6;piątek;0,0143;0,1095;0,8762; 45; 15
Japan;2020-03-07;  461;  41;  6; 0;   76;  30;  379;   11;2020;marzec; 7;sobota;0,0130;0,1649;0,8221; 46; 16
Japan;2020-03-08;  502;  41;  6; 0;   76;   0;  420;   41;2020;marzec; 8;niedziela;0,0120;0,1514;0,8367; 47; 17
Japan;2020-03-09;  511;   9; 10; 4;   76;   0;  425;    5;2020;marzec; 9;poniedziałek;0,0196;0,1487;0,8317; 48; 18
Japan;2020-03-10;  581;  70; 10; 0;  101;  25;  470;   45;2020;marzec;10;wtorek;0,0172;0,1738;0,8090; 49; 19
Japan;2020-03-11;  639;  58; 15; 5;  118;  17;  506;   36;2020;marzec;11;środa;0,0235;0,1847;0,7919; 50; 20
Japan;2020-03-12;  639;   0; 16; 1;  118;   0;  505;   -1;2020;marzec;12;czwartek;0,0250;0,1847;0,7903; 51; 21
Japan;2020-03-13;  701;  62; 19; 3;  118;   0;  564;   59;2020;marzec;13;piątek;0,0271;0,1683;0,8046; 52; 22
Japan;2020-03-14;  773;  72; 22; 3;  118;   0;  633;   69;2020;marzec;14;sobota;0,0285;0,1527;0,8189; 53; 23
Japan;2020-03-15;  839;  66; 22; 0;  118;   0;  699;   66;2020;marzec;15;niedziela;0,0262;0,1406;0,8331; 54; 24
Japan;2020-03-16;  839;   0; 27; 5;  144;  26;  668;  -31;2020;marzec;16;poniedziałek;0,0322;0,1716;0,7962; 55; 25
Japan;2020-03-17;  878;  39; 29; 2;  144;   0;  705;   37;2020;marzec;17;wtorek;0,0330;0,1640;0,8030; 56; 26
Japan;2020-03-18;  889;  11; 29; 0;  144;   0;  716;   11;2020;marzec;18;środa;0,0326;0,1620;0,8054; 57; 27
Japan;2020-03-19;  924;  35; 29; 0;  150;   6;  745;   29;2020;marzec;19;czwartek;0,0314;0,1623;0,8063; 58; 28
Japan;2020-03-20;  963;  39; 33; 4;  191;  41;  739;   -6;2020;marzec;20;piątek;0,0343;0,1983;0,7674; 59; 29
Japan;2020-03-21; 1007;  44; 35; 2;  232;  41;  740;    1;2020;marzec;21;sobota;0,0348;0,2304;0,7349; 60; 30
Japan;2020-03-22; 1101;  94; 41; 6;  235;   3;  825;   85;2020;marzec;22;niedziela;0,0372;0,2134;0,7493; 61; 31
Japan;2020-03-23; 1128;  27; 42; 1;  235;   0;  851;   26;2020;marzec;23;poniedziałek;0,0372;0,2083;0,7544; 62; 32
Japan;2020-03-24; 1193;  65; 43; 1;  285;  50;  865;   14;2020;marzec;24;wtorek;0,0360;0,2389;0,7251; 63; 33
Japan;2020-03-25; 1307; 114; 45; 2;  310;  25;  952;   87;2020;marzec;25;środa;0,0344;0,2372;0,7284; 64; 34
Japan;2020-03-26; 1387;  80; 47; 2;  359;  49;  981;   29;2020;marzec;26;czwartek;0,0339;0,2588;0,7073; 65; 35
Japan;2020-03-27; 1468;  81; 49; 2;  372;  13; 1047;   66;2020;marzec;27;piątek;0,0334;0,2534;0,7132; 66; 36
Japan;2020-03-28; 1693; 225; 52; 3;  404;  32; 1237;  190;2020;marzec;28;sobota;0,0307;0,2386;0,7307; 67; 37
Japan;2020-03-29; 1866; 173; 54; 2;  424;  20; 1388;  151;2020;marzec;29;niedziela;0,0289;0,2272;0,7438; 68; 38
Japan;2020-03-30; 1866;   0; 54; 0;  424;   0; 1388;    0;2020;marzec;30;poniedziałek;0,0289;0,2272;0,7438; 69; 39
Japan;2020-03-31; 1953;  87; 56; 2;  424;   0; 1473;   85;2020;marzec;31;wtorek;0,0287;0,2171;0,7542; 70; 40
Japan;2020-04-01; 2178; 225; 57; 1;  472;  48; 1649;  176;2020;kwiecień; 1;środa;0,0262;0,2167;0,7571; 71; 41
Japan;2020-04-02; 2495; 317; 62; 5;  472;   0; 1961;  312;2020;kwiecień; 2;czwartek;0,0248;0,1892;0,7860; 72; 42
Japan;2020-04-03; 2617; 122; 63; 1;  514;  42; 2040;   79;2020;kwiecień; 3;piątek;0,0241;0,1964;0,7795; 73; 43
Japan;2020-04-04; 3139; 522; 77;14;  514;   0; 2548;  508;2020;kwiecień; 4;sobota;0,0245;0,1637;0,8117; 74; 44
Japan;2020-04-05; 3139;   0; 77; 0;  514;   0; 2548;    0;2020;kwiecień; 5;niedziela;0,0245;0,1637;0,8117; 75; 45
Japan;2020-04-06; 3654; 515; 85; 8;  575;  61; 2994;  446;2020;kwiecień; 6;poniedziałek;0,0233;0,1574;0,8194; 76; 46
Japan;2020-04-07; 3906; 252; 92; 7;  592;  17; 3222;  228;2020;kwiecień; 7;wtorek;0,0236;0,1516;0,8249; 77; 47
Japan;2020-04-08; 4257; 351; 93; 1;  622;  30; 3542;  320;2020;kwiecień; 8;środa;0,0218;0,1461;0,8320; 78; 48
Japan;2020-04-09; 4667; 410; 94; 1;  632;  10; 3941;  399;2020;kwiecień; 9;czwartek;0,0201;0,1354;0,8444; 79; 49
Japan;2020-04-10; 5530; 863; 99; 5;  685;  53; 4746;  805;2020;kwiecień;10;piątek;0,0179;0,1239;0,8582; 80; 50
Japan;2020-04-11; 6005; 475; 99; 0;  762;  77; 5144;  398;2020;kwiecień;11;sobota;0,0165;0,1269;0,8566; 81; 51
Japan;2020-04-12; 6748; 743;108; 9;  762;   0; 5878;  734;2020;kwiecień;12;niedziela;0,0160;0,1129;0,8711; 82; 52
Japan;2020-04-13; 7370; 622;123;15;  784;  22; 6463;  585;2020;kwiecień;13;poniedziałek;0,0167;0,1064;0,8769; 83; 53
Japan;2020-04-14; 7645; 275;143;20;  799;  15; 6703;  240;2020;kwiecień;14;wtorek;0,0187;0,1045;0,8768; 84; 54
Japan;2020-04-15; 8100; 455;146; 3;  853;  54; 7101;  398;2020;kwiecień;15;środa;0,0180;0,1053;0,8767; 85; 55
Japan;2020-04-16; 8626; 526;178;32;  901;  48; 7547;  446;2020;kwiecień;16;czwartek;0,0206;0,1045;0,8749; 86; 56
Japan;2020-04-17; 9787;1161;190;12;  935;  34; 8662; 1115;2020;kwiecień;17;piątek;0,0194;0,0955;0,8851; 87; 57
Japan;2020-04-18;10296; 509;222;32; 1069; 134; 9005;  343;2020;kwiecień;18;sobota;0,0216;0,1038;0,8746; 88; 58
Japan;2020-04-19;10797; 501;236;14; 1159;  90; 9402;  397;2020;kwiecień;19;niedziela;0,0219;0,1073;0,8708; 89; 59
Japan;2020-04-20;10797;   0;236; 0; 1159;   0; 9402;    0;2020;kwiecień;20;poniedziałek;0,0219;0,1073;0,8708; 90; 60
Japan;2020-04-21;11135; 338;263;27; 1239;  80; 9633;  231;2020;kwiecień;21;wtorek;0,0236;0,1113;0,8651; 91; 61
Japan;2020-04-22;11512; 377;281;18; 1356; 117; 9875;  242;2020;kwiecień;22;środa;0,0244;0,1178;0,8578; 92; 62
Japan;2020-04-23;12368; 856;328;47; 1494; 138;10546;  671;2020;kwiecień;23;czwartek;0,0265;0,1208;0,8527; 93; 63
Japan;2020-04-24;12829; 461;345;17; 1530;  36;10954;  408;2020;kwiecień;24;piątek;0,0269;0,1193;0,8538; 94; 64
Japan;2020-04-25;13231; 402;360;15; 1656; 126;11215;  261;2020;kwiecień;25;sobota;0,0272;0,1252;0,8476; 95; 65
Japan;2020-04-26;13441; 210;372;12; 1809; 153;11260;   45;2020;kwiecień;26;niedziela;0,0277;0,1346;0,8377; 96; 66
Japan;2020-04-27;14153; 712;385;13; 1899;  90;11869;  609;2020;kwiecień;27;poniedziałek;0,0272;0,1342;0,8386; 97; 67
Japan;2020-04-28;13736;-417;394; 9; 1899;   0;11443; -426;2020;kwiecień;28;wtorek;0,0287;0,1382;0,8331; 98; 68
Japan;2020-04-29;13895; 159;413;19; 2368; 469;11114; -329;2020;kwiecień;29;środa;0,0297;0,1704;0,7999; 99; 69
Japan;2020-04-30;14088; 193;430;17; 2460;  92;11198;   84;2020;kwiecień;30;czwartek;0,0305;0,1746;0,7949;100; 70
Japan;2020-05-01;14305; 217;455;25; 2975; 515;10875; -323;2020;maj; 1;piątek;0,0318;0,2080;0,7602;101; 71
Japan;2020-05-02;14571; 266;474;19; 3205; 230;10892;   17;2020;maj; 2;sobota;0,0325;0,2200;0,7475;102; 72
Japan;2020-05-03;14877; 306;487;13; 3981; 776;10409; -483;2020;maj; 3;niedziela;0,0327;0,2676;0,6997;103; 73
Japan;2020-05-04;15078; 201;536;49; 4156; 175;10386;  -23;2020;maj; 4;poniedziałek;0,0355;0,2756;0,6888;104; 74
Japan;2020-05-05;15253; 175;556;20; 4496; 340;10201; -185;2020;maj; 5;wtorek;0,0365;0,2948;0,6688;105; 75
Japan;2020-05-06;15253;   0;556; 0; 4496;   0;10201;    0;2020;maj; 6;środa;0,0365;0,2948;0,6688;106; 76
Japan;2020-05-07;15477; 224;577;21; 4918; 422; 9982; -219;2020;maj; 7;czwartek;0,0373;0,3178;0,6450;107; 77
Japan;2020-05-08;15575;  98;590;13; 5146; 228; 9839; -143;2020;maj; 8;piątek;0,0379;0,3304;0,6317;108; 78
Japan;2020-05-09;15663;  88;607;17; 5906; 760; 9150; -689;2020;maj; 9;sobota;0,0388;0,3771;0,5842;109; 79
Japan;2020-05-10;15777; 114;624;17; 8127;2221; 7026;-2124;2020;maj;10;niedziela;0,0396;0,5151;0,4453;110; 80
Japan;2020-05-11;15847;  70;633; 9; 8293; 166; 6921; -105;2020;maj;11;poniedziałek;0,0399;0,5233;0,4367;111; 81
Japan;2020-05-12;15968; 121;657;24; 8531; 238; 6780; -141;2020;maj;12;wtorek;0,0411;0,5343;0,4246;112; 82
Japan;2020-05-13;16049;  81;678;21; 8920; 389; 6451; -329;2020;maj;13;środa;0,0422;0,5558;0,4020;113; 83
Japan;2020-05-14;16120;  71;697;19; 9868; 948; 5555; -896;2020;maj;14;czwartek;0,0432;0,6122;0,3446;114; 84
Japan;2020-05-15;16203;  83;713;16;10338; 470; 5152; -403;2020;maj;15;piątek;0,0440;0,6380;0,3180;115; 85
Japan;2020-05-16;16237;  34;725;12;10338;   0; 5174;   22;2020;maj;16;sobota;0,0447;0,6367;0,3187;116; 86
Japan;2020-05-17;16285;  48;744;19;11153; 815; 4388; -786;2020;maj;17;niedziela;0,0457;0,6849;0,2695;117; 87
Japan;2020-05-18;16305;  20;749; 5;11564; 411; 3992; -396;2020;maj;18;poniedziałek;0,0459;0,7092;0,2448;118; 88
Japan;2020-05-19;16367;  62;768;19;11564;   0; 4035;   43;2020;maj;19;wtorek;0,0469;0,7065;0,2465;119; 89
Japan;2020-05-20;16367;   0;768; 0;11564;   0; 4035;    0;2020;maj;20;środa;0,0469;0,7065;0,2465;120; 90
Japan;2020-05-21;16424;  57;777; 9;12672;1108; 2975;-1060;2020;maj;21;czwartek;0,0473;0,7716;0,1811;121; 91
Japan;2020-05-22;16513;  89;796;19;13005; 333; 2712; -263;2020;maj;22;piątek;0,0482;0,7876;0,1642;122; 92
Japan;2020-05-23;16536;  23;808;12;13244; 239; 2484; -228;2020;maj;23;sobota;0,0489;0,8009;0,1502;123; 93
Japan;2020-05-24;16550;  14;820;12;13413; 169; 2317; -167;2020;maj;24;niedziela;0,0495;0,8105;0,1400;124; 94
Japan;2020-05-25;16581;  31;830;10;13612; 199; 2139; -178;2020;maj;25;poniedziałek;0,0501;0,8209;0,1290;125; 95
Japan;2020-05-26;16623;  42;846;16;13810; 198; 1967; -172;2020;maj;26;wtorek;0,0509;0,8308;0,1183;126; 96
Japan;2020-05-27;16651;  28;858;12;13973; 163; 1820; -147;2020;maj;27;środa;0,0515;0,8392;0,1093;127; 97
Japan;2020-05-28;16598; -53;881;23;14096; 123; 1621; -199;2020;maj;28;czwartek;0,0531;0,8493;0,0977;128; 98
Japan;2020-05-29;16673;  75;887; 6;14213; 117; 1573;  -48;2020;maj;29;piątek;0,0532;0,8525;0,0943;129; 99
Japan;2020-05-30;16716;  43;894; 7;14267;  54; 1555;  -18;2020;maj;30;sobota;0,0535;0,8535;0,0930;130;100
Japan;2020-05-31;16751;  35;898; 4;14342;  75; 1511;  -44;2020;maj;31;niedziela;0,0536;0,8562;0,0902;131;101
Japan;2020-06-01;16787;  36;899; 1;14463; 121; 1425;  -86;2020;czerwiec; 1;poniedziałek;0,0536;0,8616;0,0849;132;102
Japan;2020-06-02;16837;  50;902; 3;14585; 122; 1350;  -75;2020;czerwiec; 2;wtorek;0,0536;0,8662;0,0802;133;103
Japan;2020-06-03;16867;  30;905; 3;14702; 117; 1260;  -90;2020;czerwiec; 3;środa;0,0537;0,8716;0,0747;134;104
Japan;2020-06-04;16911;  44;911; 6;14785;  83; 1215;  -45;2020;czerwiec; 4;czwartek;0,0539;0,8743;0,0718;135;105
Japan;2020-06-05;16958;  47;916; 5;14925; 140; 1117;  -98;2020;czerwiec; 5;piątek;0,0540;0,8801;0,0659;136;106
Japan;2020-06-06;17000;  42;915;-1;14927;   2; 1158;   41;2020;czerwiec; 6;sobota;0,0538;0,8781;0,0681;137;107
Japan;2020-06-07;17039;  39;917; 2;14990;  63; 1132;  -26;2020;czerwiec; 7;niedziela;0,0538;0,8797;0,0664;138;108
Japan;2020-06-08;17060;  21;920; 3;15043;  53; 1097;  -35;2020;czerwiec; 8;poniedziałek;0,0539;0,8818;0,0643;139;109
Japan;2020-06-09;17111;  51;920; 0;15141;  98; 1050;  -47;2020;czerwiec; 9;wtorek;0,0538;0,8849;0,0614;140;110
Japan;2020-06-10;17146;  35;922; 2;15217;  76; 1007;  -43;2020;czerwiec;10;środa;0,0538;0,8875;0,0587;141;111
Japan;2020-06-11;17187;  41;922; 0;15233;  16; 1032;   25;2020;czerwiec;11;czwartek;0,0536;0,8863;0,0600;142;112
Japan;2020-06-12;17250;  63;924; 2;15362; 129;  964;  -68;2020;czerwiec;12;piątek;0,0536;0,8906;0,0559;143;113
Japan;2020-06-13;17293;  43;927; 3;15458;  96;  908;  -56;2020;czerwiec;13;sobota;0,0536;0,8939;0,0525;144;114
Japan;2020-06-14;17369;  76;927; 0;15514;  56;  928;   20;2020;czerwiec;14;niedziela;0,0534;0,8932;0,0534;145;115
Japan;2020-06-15;17439;  70;929; 2;15567;  53;  943;   15;2020;czerwiec;15;poniedziałek;0,0533;0,8927;0,0541;146;116
Japan;2020-06-16;17484;  45;934; 5;15652;  85;  898;  -45;2020;czerwiec;16;wtorek;0,0534;0,8952;0,0514;147;117
