Country;Date;Confirmed;New_Confirmed;Deaths;New_Deaths;Recovered;New_Recovered;Active;New_Active;Year;Month;Day;Week_Day;Deaths_Ratio;Recovered_Ratio;Active_Ratio;Day_Since_1st_Confirmed;Day_Since_100st_Confirmed
Kuwait;2020-02-24;    1;   1;  0; 0;    0;   0;    1;   1;2020;luty;24;poniedziałek;0,0000;0,0000;1,0000;  1; 0
Kuwait;2020-02-25;   11;  10;  0; 0;    0;   0;   11;  10;2020;luty;25;wtorek;0,0000;0,0000;1,0000;  2; 0
Kuwait;2020-02-26;   26;  15;  0; 0;    0;   0;   26;  15;2020;luty;26;środa;0,0000;0,0000;1,0000;  3; 0
Kuwait;2020-02-27;   43;  17;  0; 0;    0;   0;   43;  17;2020;luty;27;czwartek;0,0000;0,0000;1,0000;  4; 0
Kuwait;2020-02-28;   45;   2;  0; 0;    0;   0;   45;   2;2020;luty;28;piątek;0,0000;0,0000;1,0000;  5; 0
Kuwait;2020-02-29;   45;   0;  0; 0;    0;   0;   45;   0;2020;luty;29;sobota;0,0000;0,0000;1,0000;  6; 0
Kuwait;2020-03-01;   45;   0;  0; 0;    0;   0;   45;   0;2020;marzec; 1;niedziela;0,0000;0,0000;1,0000;  7; 0
Kuwait;2020-03-02;   56;  11;  0; 0;    0;   0;   56;  11;2020;marzec; 2;poniedziałek;0,0000;0,0000;1,0000;  8; 0
Kuwait;2020-03-03;   56;   0;  0; 0;    0;   0;   56;   0;2020;marzec; 3;wtorek;0,0000;0,0000;1,0000;  9; 0
Kuwait;2020-03-04;   56;   0;  0; 0;    0;   0;   56;   0;2020;marzec; 4;środa;0,0000;0,0000;1,0000; 10; 0
Kuwait;2020-03-05;   58;   2;  0; 0;    0;   0;   58;   2;2020;marzec; 5;czwartek;0,0000;0,0000;1,0000; 11; 0
Kuwait;2020-03-06;   58;   0;  0; 0;    0;   0;   58;   0;2020;marzec; 6;piątek;0,0000;0,0000;1,0000; 12; 0
Kuwait;2020-03-07;   61;   3;  0; 0;    0;   0;   61;   3;2020;marzec; 7;sobota;0,0000;0,0000;1,0000; 13; 0
Kuwait;2020-03-08;   64;   3;  0; 0;    1;   1;   63;   2;2020;marzec; 8;niedziela;0,0000;0,0156;0,9844; 14; 0
Kuwait;2020-03-09;   64;   0;  0; 0;    1;   0;   63;   0;2020;marzec; 9;poniedziałek;0,0000;0,0156;0,9844; 15; 0
Kuwait;2020-03-10;   69;   5;  0; 0;    1;   0;   68;   5;2020;marzec;10;wtorek;0,0000;0,0145;0,9855; 16; 0
Kuwait;2020-03-11;   72;   3;  0; 0;    2;   1;   70;   2;2020;marzec;11;środa;0,0000;0,0278;0,9722; 17; 0
Kuwait;2020-03-12;   80;   8;  0; 0;    5;   3;   75;   5;2020;marzec;12;czwartek;0,0000;0,0625;0,9375; 18; 0
Kuwait;2020-03-13;   80;   0;  0; 0;    5;   0;   75;   0;2020;marzec;13;piątek;0,0000;0,0625;0,9375; 19; 0
Kuwait;2020-03-14;  104;  24;  0; 0;    5;   0;   99;  24;2020;marzec;14;sobota;0,0000;0,0481;0,9519; 20; 1
Kuwait;2020-03-15;  112;   8;  0; 0;    5;   0;  107;   8;2020;marzec;15;niedziela;0,0000;0,0446;0,9554; 21; 2
Kuwait;2020-03-16;  123;  11;  0; 0;    9;   4;  114;   7;2020;marzec;16;poniedziałek;0,0000;0,0732;0,9268; 22; 3
Kuwait;2020-03-17;  130;   7;  0; 0;    9;   0;  121;   7;2020;marzec;17;wtorek;0,0000;0,0692;0,9308; 23; 4
Kuwait;2020-03-18;  142;  12;  0; 0;   15;   6;  127;   6;2020;marzec;18;środa;0,0000;0,1056;0,8944; 24; 5
Kuwait;2020-03-19;  148;   6;  0; 0;   18;   3;  130;   3;2020;marzec;19;czwartek;0,0000;0,1216;0,8784; 25; 6
Kuwait;2020-03-20;  159;  11;  0; 0;   18;   0;  141;  11;2020;marzec;20;piątek;0,0000;0,1132;0,8868; 26; 7
Kuwait;2020-03-21;  176;  17;  0; 0;   27;   9;  149;   8;2020;marzec;21;sobota;0,0000;0,1534;0,8466; 27; 8
Kuwait;2020-03-22;  188;  12;  0; 0;   27;   0;  161;  12;2020;marzec;22;niedziela;0,0000;0,1436;0,8564; 28; 9
Kuwait;2020-03-23;  189;   1;  0; 0;   27;   0;  162;   1;2020;marzec;23;poniedziałek;0,0000;0,1429;0,8571; 29;10
Kuwait;2020-03-24;  191;   2;  0; 0;   39;  12;  152; -10;2020;marzec;24;wtorek;0,0000;0,2042;0,7958; 30;11
Kuwait;2020-03-25;  195;   4;  0; 0;   43;   4;  152;   0;2020;marzec;25;środa;0,0000;0,2205;0,7795; 31;12
Kuwait;2020-03-26;  208;  13;  0; 0;   49;   6;  159;   7;2020;marzec;26;czwartek;0,0000;0,2356;0,7644; 32;13
Kuwait;2020-03-27;  225;  17;  0; 0;   57;   8;  168;   9;2020;marzec;27;piątek;0,0000;0,2533;0,7467; 33;14
Kuwait;2020-03-28;  235;  10;  0; 0;   64;   7;  171;   3;2020;marzec;28;sobota;0,0000;0,2723;0,7277; 34;15
Kuwait;2020-03-29;  255;  20;  0; 0;   67;   3;  188;  17;2020;marzec;29;niedziela;0,0000;0,2627;0,7373; 35;16
Kuwait;2020-03-30;  266;  11;  0; 0;   72;   5;  194;   6;2020;marzec;30;poniedziałek;0,0000;0,2707;0,7293; 36;17
Kuwait;2020-03-31;  289;  23;  0; 0;   73;   1;  216;  22;2020;marzec;31;wtorek;0,0000;0,2526;0,7474; 37;18
Kuwait;2020-04-01;  317;  28;  0; 0;   80;   7;  237;  21;2020;kwiecień; 1;środa;0,0000;0,2524;0,7476; 38;19
Kuwait;2020-04-02;  342;  25;  0; 0;   81;   1;  261;  24;2020;kwiecień; 2;czwartek;0,0000;0,2368;0,7632; 39;20
Kuwait;2020-04-03;  417;  75;  0; 0;   82;   1;  335;  74;2020;kwiecień; 3;piątek;0,0000;0,1966;0,8034; 40;21
Kuwait;2020-04-04;  479;  62;  1; 1;   93;  11;  385;  50;2020;kwiecień; 4;sobota;0,0021;0,1942;0,8038; 41;22
Kuwait;2020-04-05;  556;  77;  1; 0;   99;   6;  456;  71;2020;kwiecień; 5;niedziela;0,0018;0,1781;0,8201; 42;23
Kuwait;2020-04-06;  665; 109;  1; 0;  103;   4;  561; 105;2020;kwiecień; 6;poniedziałek;0,0015;0,1549;0,8436; 43;24
Kuwait;2020-04-07;  743;  78;  1; 0;  105;   2;  637;  76;2020;kwiecień; 7;wtorek;0,0013;0,1413;0,8573; 44;25
Kuwait;2020-04-08;  855; 112;  1; 0;  111;   6;  743; 106;2020;kwiecień; 8;środa;0,0012;0,1298;0,8690; 45;26
Kuwait;2020-04-09;  910;  55;  1; 0;  111;   0;  798;  55;2020;kwiecień; 9;czwartek;0,0011;0,1220;0,8769; 46;27
Kuwait;2020-04-10;  993;  83;  1; 0;  123;  12;  869;  71;2020;kwiecień;10;piątek;0,0010;0,1239;0,8751; 47;28
Kuwait;2020-04-11; 1154; 161;  1; 0;  133;  10; 1020; 151;2020;kwiecień;11;sobota;0,0009;0,1153;0,8839; 48;29
Kuwait;2020-04-12; 1234;  80;  1; 0;  142;   9; 1091;  71;2020;kwiecień;12;niedziela;0,0008;0,1151;0,8841; 49;30
Kuwait;2020-04-13; 1300;  66;  2; 1;  150;   8; 1148;  57;2020;kwiecień;13;poniedziałek;0,0015;0,1154;0,8831; 50;31
Kuwait;2020-04-14; 1355;  55;  3; 1;  176;  26; 1176;  28;2020;kwiecień;14;wtorek;0,0022;0,1299;0,8679; 51;32
Kuwait;2020-04-15; 1405;  50;  3; 0;  206;  30; 1196;  20;2020;kwiecień;15;środa;0,0021;0,1466;0,8512; 52;33
Kuwait;2020-04-16; 1524; 119;  3; 0;  225;  19; 1296; 100;2020;kwiecień;16;czwartek;0,0020;0,1476;0,8504; 53;34
Kuwait;2020-04-17; 1658; 134;  5; 2;  258;  33; 1395;  99;2020;kwiecień;17;piątek;0,0030;0,1556;0,8414; 54;35
Kuwait;2020-04-18; 1751;  93;  6; 1;  280;  22; 1465;  70;2020;kwiecień;18;sobota;0,0034;0,1599;0,8367; 55;36
Kuwait;2020-04-19; 1915; 164;  7; 1;  305;  25; 1603; 138;2020;kwiecień;19;niedziela;0,0037;0,1593;0,8371; 56;37
Kuwait;2020-04-20; 1995;  80;  9; 2;  367;  62; 1619;  16;2020;kwiecień;20;poniedziałek;0,0045;0,1840;0,8115; 57;38
Kuwait;2020-04-21; 2080;  85; 11; 2;  412;  45; 1657;  38;2020;kwiecień;21;wtorek;0,0053;0,1981;0,7966; 58;39
Kuwait;2020-04-22; 2248; 168; 13; 2;  443;  31; 1792; 135;2020;kwiecień;22;środa;0,0058;0,1971;0,7972; 59;40
Kuwait;2020-04-23; 2399; 151; 14; 1;  498;  55; 1887;  95;2020;kwiecień;23;czwartek;0,0058;0,2076;0,7866; 60;41
Kuwait;2020-04-24; 2614; 215; 15; 1;  613; 115; 1986;  99;2020;kwiecień;24;piątek;0,0057;0,2345;0,7598; 61;42
Kuwait;2020-04-25; 2892; 278; 19; 4;  656;  43; 2217; 231;2020;kwiecień;25;sobota;0,0066;0,2268;0,7666; 62;43
Kuwait;2020-04-26; 3075; 183; 20; 1;  806; 150; 2249;  32;2020;kwiecień;26;niedziela;0,0065;0,2621;0,7314; 63;44
Kuwait;2020-04-27; 3288; 213; 22; 2; 1012; 206; 2254;   5;2020;kwiecień;27;poniedziałek;0,0067;0,3078;0,6855; 64;45
Kuwait;2020-04-28; 3440; 152; 23; 1; 1176; 164; 2241; -13;2020;kwiecień;28;wtorek;0,0067;0,3419;0,6515; 65;46
Kuwait;2020-04-29; 3740; 300; 24; 1; 1389; 213; 2327;  86;2020;kwiecień;29;środa;0,0064;0,3714;0,6222; 66;47
Kuwait;2020-04-30; 4024; 284; 26; 2; 1539; 150; 2459; 132;2020;kwiecień;30;czwartek;0,0065;0,3825;0,6111; 67;48
Kuwait;2020-05-01; 4377; 353; 30; 4; 1602;  63; 2745; 286;2020;maj; 1;piątek;0,0069;0,3660;0,6271; 68;49
Kuwait;2020-05-02; 4619; 242; 33; 3; 1703; 101; 2883; 138;2020;maj; 2;sobota;0,0071;0,3687;0,6242; 69;50
Kuwait;2020-05-03; 4983; 364; 38; 5; 1776;  73; 3169; 286;2020;maj; 3;niedziela;0,0076;0,3564;0,6360; 70;51
Kuwait;2020-05-04; 5278; 295; 40; 2; 1947; 171; 3291; 122;2020;maj; 4;poniedziałek;0,0076;0,3689;0,6235; 71;52
Kuwait;2020-05-05; 5804; 526; 40; 0; 2032;  85; 3732; 441;2020;maj; 5;wtorek;0,0069;0,3501;0,6430; 72;53
Kuwait;2020-05-06; 6289; 485; 42; 2; 2219; 187; 4028; 296;2020;maj; 6;środa;0,0067;0,3528;0,6405; 73;54
Kuwait;2020-05-07; 6567; 278; 44; 2; 2381; 162; 4142; 114;2020;maj; 7;czwartek;0,0067;0,3626;0,6307; 74;55
Kuwait;2020-05-08; 7208; 641; 47; 3; 2466;  85; 4695; 553;2020;maj; 8;piątek;0,0065;0,3421;0,6514; 75;56
Kuwait;2020-05-09; 7623; 415; 49; 2; 2622; 156; 4952; 257;2020;maj; 9;sobota;0,0064;0,3440;0,6496; 76;57
Kuwait;2020-05-10; 8688;1065; 58; 9; 2729; 107; 5901; 949;2020;maj;10;niedziela;0,0067;0,3141;0,6792; 77;58
Kuwait;2020-05-11; 9286; 598; 65; 7; 2907; 178; 6314; 413;2020;maj;11;poniedziałek;0,0070;0,3131;0,6799; 78;59
Kuwait;2020-05-12;10277; 991; 75;10; 3101; 194; 7101; 787;2020;maj;12;wtorek;0,0073;0,3017;0,6910; 79;60
Kuwait;2020-05-13;11028; 751; 82; 7; 3263; 162; 7683; 582;2020;maj;13;środa;0,0074;0,2959;0,6967; 80;61
Kuwait;2020-05-14;11975; 947; 88; 6; 3451; 188; 8436; 753;2020;maj;14;czwartek;0,0073;0,2882;0,7045; 81;62
Kuwait;2020-05-15;12860; 885; 96; 8; 3640; 189; 9124; 688;2020;maj;15;piątek;0,0075;0,2830;0,7095; 82;63
Kuwait;2020-05-16;13802; 942;107;11; 3843; 203; 9852; 728;2020;maj;16;sobota;0,0078;0,2784;0,7138; 83;64
Kuwait;2020-05-17;14850;1048;112; 5; 4093; 250;10645; 793;2020;maj;17;niedziela;0,0075;0,2756;0,7168; 84;65
Kuwait;2020-05-18;15691; 841;118; 6; 4339; 246;11234; 589;2020;maj;18;poniedziałek;0,0075;0,2765;0,7160; 85;66
Kuwait;2020-05-19;16764;1073;121; 3; 4681; 342;11962; 728;2020;maj;19;wtorek;0,0072;0,2792;0,7136; 86;67
Kuwait;2020-05-20;17568; 804;124; 3; 4885; 204;12559; 597;2020;maj;20;środa;0,0071;0,2781;0,7149; 87;68
Kuwait;2020-05-21;18609;1041;129; 5; 5205; 320;13275; 716;2020;maj;21;czwartek;0,0069;0,2797;0,7134; 88;69
Kuwait;2020-05-22;19564; 955;138; 9; 5515; 310;13911; 636;2020;maj;22;piątek;0,0071;0,2819;0,7111; 89;70
Kuwait;2020-05-23;20464; 900;148;10; 5747; 232;14569; 658;2020;maj;23;sobota;0,0072;0,2808;0,7119; 90;71
Kuwait;2020-05-24;21302; 838;156; 8; 6117; 370;15029; 460;2020;maj;24;niedziela;0,0073;0,2872;0,7055; 91;72
Kuwait;2020-05-25;21967; 665;165; 9; 6621; 504;15181; 152;2020;maj;25;poniedziałek;0,0075;0,3014;0,6911; 92;73
Kuwait;2020-05-26;22575; 608;172; 7; 7306; 685;15097; -84;2020;maj;26;wtorek;0,0076;0,3236;0,6687; 93;74
Kuwait;2020-05-27;23267; 692;175; 3; 7946; 640;15146;  49;2020;maj;27;środa;0,0075;0,3415;0,6510; 94;75
Kuwait;2020-05-28;24112; 845;185;10; 8698; 752;15229;  83;2020;maj;28;czwartek;0,0077;0,3607;0,6316; 95;76
Kuwait;2020-05-29;25184;1072;194; 9; 9273; 575;15717; 488;2020;maj;29;piątek;0,0077;0,3682;0,6241; 96;77
Kuwait;2020-05-30;26192;1008;205;11;10156; 883;15831; 114;2020;maj;30;sobota;0,0078;0,3878;0,6044; 97;78
Kuwait;2020-05-31;27043; 851;212; 7;11386;1230;15445;-386;2020;maj;31;niedziela;0,0078;0,4210;0,5711; 98;79
Kuwait;2020-06-01;27762; 719;220; 8;12899;1513;14643;-802;2020;czerwiec; 1;poniedziałek;0,0079;0,4646;0,5274; 99;80
Kuwait;2020-06-02;28649; 887;226; 6;14281;1382;14142;-501;2020;czerwiec; 2;wtorek;0,0079;0,4985;0,4936;100;81
Kuwait;2020-06-03;29359; 710;230; 4;15750;1469;13379;-763;2020;czerwiec; 3;środa;0,0078;0,5365;0,4557;101;82
Kuwait;2020-06-04;29921; 562;236; 6;17223;1473;12462;-917;2020;czerwiec; 4;czwartek;0,0079;0,5756;0,4165;102;83
Kuwait;2020-06-05;30644; 723;244; 8;18277;1054;12123;-339;2020;czerwiec; 5;piątek;0,0080;0,5964;0,3956;103;84
