Country;Date;Confirmed;New_Confirmed;Deaths;New_Deaths;Recovered;New_Recovered;Active;New_Active;Year;Month;Day;Week_Day;Deaths_Ratio;Recovered_Ratio;Active_Ratio;Day_Since_1st_Confirmed;Day_Since_100st_Confirmed
Lebanon;2020-02-21;   1;  1; 0;0;   0;  0;  1;   1;2020;luty;21;piątek;0,0000;0,0000;1,0000;  1;  0
Lebanon;2020-02-22;   1;  0; 0;0;   0;  0;  1;   0;2020;luty;22;sobota;0,0000;0,0000;1,0000;  2;  0
Lebanon;2020-02-23;   1;  0; 0;0;   0;  0;  1;   0;2020;luty;23;niedziela;0,0000;0,0000;1,0000;  3;  0
Lebanon;2020-02-24;   1;  0; 0;0;   0;  0;  1;   0;2020;luty;24;poniedziałek;0,0000;0,0000;1,0000;  4;  0
Lebanon;2020-02-25;   1;  0; 0;0;   0;  0;  1;   0;2020;luty;25;wtorek;0,0000;0,0000;1,0000;  5;  0
Lebanon;2020-02-26;   2;  1; 0;0;   0;  0;  2;   1;2020;luty;26;środa;0,0000;0,0000;1,0000;  6;  0
Lebanon;2020-02-27;   2;  0; 0;0;   0;  0;  2;   0;2020;luty;27;czwartek;0,0000;0,0000;1,0000;  7;  0
Lebanon;2020-02-28;   2;  0; 0;0;   0;  0;  2;   0;2020;luty;28;piątek;0,0000;0,0000;1,0000;  8;  0
Lebanon;2020-02-29;   4;  2; 0;0;   0;  0;  4;   2;2020;luty;29;sobota;0,0000;0,0000;1,0000;  9;  0
Lebanon;2020-03-01;  10;  6; 0;0;   0;  0; 10;   6;2020;marzec; 1;niedziela;0,0000;0,0000;1,0000; 10;  0
Lebanon;2020-03-02;  13;  3; 0;0;   0;  0; 13;   3;2020;marzec; 2;poniedziałek;0,0000;0,0000;1,0000; 11;  0
Lebanon;2020-03-03;  13;  0; 0;0;   0;  0; 13;   0;2020;marzec; 3;wtorek;0,0000;0,0000;1,0000; 12;  0
Lebanon;2020-03-04;  13;  0; 0;0;   1;  1; 12;  -1;2020;marzec; 4;środa;0,0000;0,0769;0,9231; 13;  0
Lebanon;2020-03-05;  16;  3; 0;0;   1;  0; 15;   3;2020;marzec; 5;czwartek;0,0000;0,0625;0,9375; 14;  0
Lebanon;2020-03-06;  22;  6; 0;0;   1;  0; 21;   6;2020;marzec; 6;piątek;0,0000;0,0455;0,9545; 15;  0
Lebanon;2020-03-07;  22;  0; 0;0;   1;  0; 21;   0;2020;marzec; 7;sobota;0,0000;0,0455;0,9545; 16;  0
Lebanon;2020-03-08;  32; 10; 0;0;   1;  0; 31;  10;2020;marzec; 8;niedziela;0,0000;0,0312;0,9688; 17;  0
Lebanon;2020-03-09;  32;  0; 0;0;   1;  0; 31;   0;2020;marzec; 9;poniedziałek;0,0000;0,0312;0,9688; 18;  0
Lebanon;2020-03-10;  41;  9; 1;1;   1;  0; 39;   8;2020;marzec;10;wtorek;0,0244;0,0244;0,9512; 19;  0
Lebanon;2020-03-11;  61; 20; 3;2;   1;  0; 57;  18;2020;marzec;11;środa;0,0492;0,0164;0,9344; 20;  0
Lebanon;2020-03-12;  61;  0; 3;0;   1;  0; 57;   0;2020;marzec;12;czwartek;0,0492;0,0164;0,9344; 21;  0
Lebanon;2020-03-13;  77; 16; 3;0;   1;  0; 73;  16;2020;marzec;13;piątek;0,0390;0,0130;0,9481; 22;  0
Lebanon;2020-03-14;  93; 16; 3;0;   1;  0; 89;  16;2020;marzec;14;sobota;0,0323;0,0108;0,9570; 23;  0
Lebanon;2020-03-15; 110; 17; 3;0;   1;  0;106;  17;2020;marzec;15;niedziela;0,0273;0,0091;0,9636; 24;  1
Lebanon;2020-03-16; 110;  0; 3;0;   1;  0;106;   0;2020;marzec;16;poniedziałek;0,0273;0,0091;0,9636; 25;  2
Lebanon;2020-03-17; 120; 10; 3;0;   3;  2;114;   8;2020;marzec;17;wtorek;0,0250;0,0250;0,9500; 26;  3
Lebanon;2020-03-18; 133; 13; 3;0;   3;  0;127;  13;2020;marzec;18;środa;0,0226;0,0226;0,9549; 27;  4
Lebanon;2020-03-19; 157; 24; 4;1;   4;  1;149;  22;2020;marzec;19;czwartek;0,0255;0,0255;0,9490; 28;  5
Lebanon;2020-03-20; 163;  6; 4;0;   4;  0;155;   6;2020;marzec;20;piątek;0,0245;0,0245;0,9509; 29;  6
Lebanon;2020-03-21; 187; 24; 4;0;   4;  0;179;  24;2020;marzec;21;sobota;0,0214;0,0214;0,9572; 30;  7
Lebanon;2020-03-22; 248; 61; 4;0;   8;  4;236;  57;2020;marzec;22;niedziela;0,0161;0,0323;0,9516; 31;  8
Lebanon;2020-03-23; 267; 19; 4;0;   8;  0;255;  19;2020;marzec;23;poniedziałek;0,0150;0,0300;0,9551; 32;  9
Lebanon;2020-03-24; 318; 51; 4;0;   8;  0;306;  51;2020;marzec;24;wtorek;0,0126;0,0252;0,9623; 33; 10
Lebanon;2020-03-25; 333; 15; 6;2;  20; 12;307;   1;2020;marzec;25;środa;0,0180;0,0601;0,9219; 34; 11
Lebanon;2020-03-26; 368; 35; 6;0;  23;  3;339;  32;2020;marzec;26;czwartek;0,0163;0,0625;0,9212; 35; 12
Lebanon;2020-03-27; 391; 23; 8;2;  27;  4;356;  17;2020;marzec;27;piątek;0,0205;0,0691;0,9105; 36; 13
Lebanon;2020-03-28; 412; 21; 8;0;  30;  3;374;  18;2020;marzec;28;sobota;0,0194;0,0728;0,9078; 37; 14
Lebanon;2020-03-29; 438; 26;10;2;  30;  0;398;  24;2020;marzec;29;niedziela;0,0228;0,0685;0,9087; 38; 15
Lebanon;2020-03-30; 446;  8;11;1;  35;  5;400;   2;2020;marzec;30;poniedziałek;0,0247;0,0785;0,8969; 39; 16
Lebanon;2020-03-31; 470; 24;12;1;  37;  2;421;  21;2020;marzec;31;wtorek;0,0255;0,0787;0,8957; 40; 17
Lebanon;2020-04-01; 479;  9;14;2;  43;  6;422;   1;2020;kwiecień; 1;środa;0,0292;0,0898;0,8810; 41; 18
Lebanon;2020-04-02; 494; 15;16;2;  46;  3;432;  10;2020;kwiecień; 2;czwartek;0,0324;0,0931;0,8745; 42; 19
Lebanon;2020-04-03; 508; 14;17;1;  50;  4;441;   9;2020;kwiecień; 3;piątek;0,0335;0,0984;0,8681; 43; 20
Lebanon;2020-04-04; 520; 12;17;0;  54;  4;449;   8;2020;kwiecień; 4;sobota;0,0327;0,1038;0,8635; 44; 21
Lebanon;2020-04-05; 527;  7;18;1;  54;  0;455;   6;2020;kwiecień; 5;niedziela;0,0342;0,1025;0,8634; 45; 22
Lebanon;2020-04-06; 541; 14;19;1;  60;  6;462;   7;2020;kwiecień; 6;poniedziałek;0,0351;0,1109;0,8540; 46; 23
Lebanon;2020-04-07; 548;  7;19;0;  62;  2;467;   5;2020;kwiecień; 7;wtorek;0,0347;0,1131;0,8522; 47; 24
Lebanon;2020-04-08; 576; 28;19;0;  62;  0;495;  28;2020;kwiecień; 8;środa;0,0330;0,1076;0,8594; 48; 25
Lebanon;2020-04-09; 582;  6;19;0;  67;  5;496;   1;2020;kwiecień; 9;czwartek;0,0326;0,1151;0,8522; 49; 26
Lebanon;2020-04-10; 609; 27;20;1;  76;  9;513;  17;2020;kwiecień;10;piątek;0,0328;0,1248;0,8424; 50; 27
Lebanon;2020-04-11; 619; 10;20;0;  77;  1;522;   9;2020;kwiecień;11;sobota;0,0323;0,1244;0,8433; 51; 28
Lebanon;2020-04-12; 630; 11;20;0;  80;  3;530;   8;2020;kwiecień;12;niedziela;0,0317;0,1270;0,8413; 52; 29
Lebanon;2020-04-13; 632;  2;20;0;  80;  0;532;   2;2020;kwiecień;13;poniedziałek;0,0316;0,1266;0,8418; 53; 30
Lebanon;2020-04-14; 641;  9;21;1;  80;  0;540;   8;2020;kwiecień;14;wtorek;0,0328;0,1248;0,8424; 54; 31
Lebanon;2020-04-15; 658; 17;21;0;  85;  5;552;  12;2020;kwiecień;15;środa;0,0319;0,1292;0,8389; 55; 32
Lebanon;2020-04-16; 663;  5;21;0;  86;  1;556;   4;2020;kwiecień;16;czwartek;0,0317;0,1297;0,8386; 56; 33
Lebanon;2020-04-17; 668;  5;21;0;  86;  0;561;   5;2020;kwiecień;17;piątek;0,0314;0,1287;0,8398; 57; 34
Lebanon;2020-04-18; 672;  4;21;0;  99; 13;552;  -9;2020;kwiecień;18;sobota;0,0312;0,1473;0,8214; 58; 35
Lebanon;2020-04-19; 673;  1;21;0; 102;  3;550;  -2;2020;kwiecień;19;niedziela;0,0312;0,1516;0,8172; 59; 36
Lebanon;2020-04-20; 677;  4;21;0; 103;  1;553;   3;2020;kwiecień;20;poniedziałek;0,0310;0,1521;0,8168; 60; 37
Lebanon;2020-04-21; 677;  0;21;0; 108;  5;548;  -5;2020;kwiecień;21;wtorek;0,0310;0,1595;0,8095; 61; 38
Lebanon;2020-04-22; 682;  5;22;1; 113;  5;547;  -1;2020;kwiecień;22;środa;0,0323;0,1657;0,8021; 62; 39
Lebanon;2020-04-23; 688;  6;22;0; 140; 27;526; -21;2020;kwiecień;23;czwartek;0,0320;0,2035;0,7645; 63; 40
Lebanon;2020-04-24; 696;  8;22;0; 140;  0;534;   8;2020;kwiecień;24;piątek;0,0316;0,2011;0,7672; 64; 41
Lebanon;2020-04-25; 704;  8;24;2; 143;  3;537;   3;2020;kwiecień;25;sobota;0,0341;0,2031;0,7628; 65; 42
Lebanon;2020-04-26; 707;  3;24;0; 145;  2;538;   1;2020;kwiecień;26;niedziela;0,0339;0,2051;0,7610; 66; 43
Lebanon;2020-04-27; 710;  3;24;0; 145;  0;541;   3;2020;kwiecień;27;poniedziałek;0,0338;0,2042;0,7620; 67; 44
Lebanon;2020-04-28; 717;  7;24;0; 145;  0;548;   7;2020;kwiecień;28;wtorek;0,0335;0,2022;0,7643; 68; 45
Lebanon;2020-04-29; 721;  4;24;0; 150;  5;547;  -1;2020;kwiecień;29;środa;0,0333;0,2080;0,7587; 69; 46
Lebanon;2020-04-30; 725;  4;24;0; 150;  0;551;   4;2020;kwiecień;30;czwartek;0,0331;0,2069;0,7600; 70; 47
Lebanon;2020-05-01; 729;  4;24;0; 192; 42;513; -38;2020;maj; 1;piątek;0,0329;0,2634;0,7037; 71; 48
Lebanon;2020-05-02; 733;  4;25;1; 197;  5;511;  -2;2020;maj; 2;sobota;0,0341;0,2688;0,6971; 72; 49
Lebanon;2020-05-03; 737;  4;25;0; 200;  3;512;   1;2020;maj; 3;niedziela;0,0339;0,2714;0,6947; 73; 50
Lebanon;2020-05-04; 740;  3;25;0; 200;  0;515;   3;2020;maj; 4;poniedziałek;0,0338;0,2703;0,6959; 74; 51
Lebanon;2020-05-05; 741;  1;25;0; 206;  6;510;  -5;2020;maj; 5;wtorek;0,0337;0,2780;0,6883; 75; 52
Lebanon;2020-05-06; 750;  9;25;0; 206;  0;519;   9;2020;maj; 6;środa;0,0333;0,2747;0,6920; 76; 53
Lebanon;2020-05-07; 784; 34;25;0; 220; 14;539;  20;2020;maj; 7;czwartek;0,0319;0,2806;0,6875; 77; 54
Lebanon;2020-05-08; 796; 12;26;1; 223;  3;547;   8;2020;maj; 8;piątek;0,0327;0,2802;0,6872; 78; 55
Lebanon;2020-05-09; 809; 13;26;0; 234; 11;549;   2;2020;maj; 9;sobota;0,0321;0,2892;0,6786; 79; 56
Lebanon;2020-05-10; 845; 36;26;0; 234;  0;585;  36;2020;maj;10;niedziela;0,0308;0,2769;0,6923; 80; 57
Lebanon;2020-05-11; 859; 14;26;0; 234;  0;599;  14;2020;maj;11;poniedziałek;0,0303;0,2724;0,6973; 81; 58
Lebanon;2020-05-12; 870; 11;26;0; 234;  0;610;  11;2020;maj;12;wtorek;0,0299;0,2690;0,7011; 82; 59
Lebanon;2020-05-13; 878;  8;26;0; 236;  2;616;   6;2020;maj;13;środa;0,0296;0,2688;0,7016; 83; 60
Lebanon;2020-05-14; 886;  8;26;0; 236;  0;624;   8;2020;maj;14;czwartek;0,0293;0,2664;0,7043; 84; 61
Lebanon;2020-05-15; 891;  5;26;0; 246; 10;619;  -5;2020;maj;15;piątek;0,0292;0,2761;0,6947; 85; 62
Lebanon;2020-05-16; 902; 11;26;0; 247;  1;629;  10;2020;maj;16;sobota;0,0288;0,2738;0,6973; 86; 63
Lebanon;2020-05-17; 911;  9;26;0; 247;  0;638;   9;2020;maj;17;niedziela;0,0285;0,2711;0,7003; 87; 64
Lebanon;2020-05-18; 931; 20;26;0; 251;  4;654;  16;2020;maj;18;poniedziałek;0,0279;0,2696;0,7025; 88; 65
Lebanon;2020-05-19; 954; 23;26;0; 251;  0;677;  23;2020;maj;19;wtorek;0,0273;0,2631;0,7096; 89; 66
Lebanon;2020-05-20; 961;  7;26;0; 251;  0;684;   7;2020;maj;20;środa;0,0271;0,2612;0,7118; 90; 67
Lebanon;2020-05-21;1024; 63;26;0; 663;412;335;-349;2020;maj;21;czwartek;0,0254;0,6475;0,3271; 91; 68
Lebanon;2020-05-22;1086; 62;26;0; 663;  0;397;  62;2020;maj;22;piątek;0,0239;0,6105;0,3656; 92; 69
Lebanon;2020-05-23;1097; 11;26;0; 667;  4;404;   7;2020;maj;23;sobota;0,0237;0,6080;0,3683; 93; 70
Lebanon;2020-05-24;1114; 17;26;0; 688; 21;400;  -4;2020;maj;24;niedziela;0,0233;0,6176;0,3591; 94; 71
Lebanon;2020-05-25;1119;  5;26;0; 688;  0;405;   5;2020;maj;25;poniedziałek;0,0232;0,6148;0,3619; 95; 72
Lebanon;2020-05-26;1140; 21;26;0; 689;  1;425;  20;2020;maj;26;wtorek;0,0228;0,6044;0,3728; 96; 73
Lebanon;2020-05-27;1161; 21;26;0; 692;  3;443;  18;2020;maj;27;środa;0,0224;0,5960;0,3816; 97; 74
Lebanon;2020-05-28;1168;  7;26;0; 699;  7;443;   0;2020;maj;28;czwartek;0,0223;0,5985;0,3793; 98; 75
Lebanon;2020-05-29;1172;  4;26;0; 705;  6;441;  -2;2020;maj;29;piątek;0,0222;0,6015;0,3763; 99; 76
Lebanon;2020-05-30;1191; 19;26;0; 708;  3;457;  16;2020;maj;30;sobota;0,0218;0,5945;0,3837;100; 77
Lebanon;2020-05-31;1220; 29;27;1; 712;  4;481;  24;2020;maj;31;niedziela;0,0221;0,5836;0,3943;101; 78
Lebanon;2020-06-01;1233; 13;27;0; 715;  3;491;  10;2020;czerwiec; 1;poniedziałek;0,0219;0,5799;0,3982;102; 79
Lebanon;2020-06-02;1242;  9;27;0; 719;  4;496;   5;2020;czerwiec; 2;wtorek;0,0217;0,5789;0,3994;103; 80
Lebanon;2020-06-03;1256; 14;27;0; 724;  5;505;   9;2020;czerwiec; 3;środa;0,0215;0,5764;0,4021;104; 81
Lebanon;2020-06-04;1306; 50;28;1; 731;  7;547;  42;2020;czerwiec; 4;czwartek;0,0214;0,5597;0,4188;105; 82
Lebanon;2020-06-05;1312;  6;28;0; 768; 37;516; -31;2020;czerwiec; 5;piątek;0,0213;0,5854;0,3933;106; 83
Lebanon;2020-06-06;1320;  8;29;1; 768;  0;523;   7;2020;czerwiec; 6;sobota;0,0220;0,5818;0,3962;107; 84
Lebanon;2020-06-07;1331; 11;30;1; 768;  0;533;  10;2020;czerwiec; 7;niedziela;0,0225;0,5770;0,4005;108; 85
Lebanon;2020-06-08;1350; 19;30;0; 779; 11;541;   8;2020;czerwiec; 8;poniedziałek;0,0222;0,5770;0,4007;109; 86
Lebanon;2020-06-09;1368; 18;30;0; 795; 16;543;   2;2020;czerwiec; 9;wtorek;0,0219;0,5811;0,3969;110; 87
Lebanon;2020-06-10;1388; 20;30;0; 832; 37;526; -17;2020;czerwiec;10;środa;0,0216;0,5994;0,3790;111; 88
Lebanon;2020-06-11;1402; 14;31;1; 845; 13;526;   0;2020;czerwiec;11;czwartek;0,0221;0,6027;0,3752;112; 89
Lebanon;2020-06-12;1422; 20;31;0; 853;  8;538;  12;2020;czerwiec;12;piątek;0,0218;0,5999;0,3783;113; 90
Lebanon;2020-06-13;1442; 20;32;1; 868; 15;542;   4;2020;czerwiec;13;sobota;0,0222;0,6019;0,3759;114; 91
Lebanon;2020-06-14;1446;  4;32;0; 868;  0;546;   4;2020;czerwiec;14;niedziela;0,0221;0,6003;0,3776;115; 92
Lebanon;2020-06-15;1464; 18;32;0; 875;  7;557;  11;2020;czerwiec;15;poniedziałek;0,0219;0,5977;0,3805;116; 93
Lebanon;2020-06-16;1473;  9;32;0; 889; 14;552;  -5;2020;czerwiec;16;wtorek;0,0217;0,6035;0,3747;117; 94
Lebanon;2020-06-17;1489; 16;32;0; 907; 18;550;  -2;2020;czerwiec;17;środa;0,0215;0,6091;0,3694;118; 95
Lebanon;2020-06-18;1495;  6;32;0; 944; 37;519; -31;2020;czerwiec;18;czwartek;0,0214;0,6314;0,3472;119; 96
Lebanon;2020-06-19;1510; 15;32;0; 960; 16;518;  -1;2020;czerwiec;19;piątek;0,0212;0,6358;0,3430;120; 97
Lebanon;2020-06-20;1536; 26;32;0;1006; 46;498; -20;2020;czerwiec;20;sobota;0,0208;0,6549;0,3242;121; 98
Lebanon;2020-06-21;1587; 51;32;0;1068; 62;487; -11;2020;czerwiec;21;niedziela;0,0202;0,6730;0,3069;122; 99
Lebanon;2020-06-22;1603; 16;32;0;1077;  9;494;   7;2020;czerwiec;22;poniedziałek;0,0200;0,6719;0,3082;123;100
Lebanon;2020-06-23;1622; 19;32;0;1098; 21;492;  -2;2020;czerwiec;23;wtorek;0,0197;0,6769;0,3033;124;101
Lebanon;2020-06-24;1644; 22;33;1;1103;  5;508;  16;2020;czerwiec;24;środa;0,0201;0,6709;0,3090;125;102
Lebanon;2020-06-25;1662; 18;33;0;1144; 41;485; -23;2020;czerwiec;25;czwartek;0,0199;0,6883;0,2918;126;103
Lebanon;2020-06-26;1697; 35;33;0;1144;  0;520;  35;2020;czerwiec;26;piątek;0,0194;0,6741;0,3064;127;104
Lebanon;2020-06-27;1719; 22;33;0;1153;  9;533;  13;2020;czerwiec;27;sobota;0,0192;0,6707;0,3101;128;105
Lebanon;2020-06-28;1740; 21;34;1;1153;  0;553;  20;2020;czerwiec;28;niedziela;0,0195;0,6626;0,3178;129;106
Lebanon;2020-06-29;1745;  5;34;0;1170; 17;541; -12;2020;czerwiec;29;poniedziałek;0,0195;0,6705;0,3100;130;107
Lebanon;2020-06-30;1778; 33;34;0;1183; 13;561;  20;2020;czerwiec;30;wtorek;0,0191;0,6654;0,3155;131;108
Lebanon;2020-07-01;1788; 10;34;0;1223; 40;531; -30;2020;lipiec; 1;środa;0,0190;0,6840;0,2970;132;109
Lebanon;2020-07-02;1796;  8;35;1;1242; 19;519; -12;2020;lipiec; 2;czwartek;0,0195;0,6915;0,2890;133;110
Lebanon;2020-07-03;1830; 34;35;0;1292; 50;503; -16;2020;lipiec; 3;piątek;0,0191;0,7060;0,2749;134;111
Lebanon;2020-07-04;1855; 25;35;0;1304; 12;516;  13;2020;lipiec; 4;sobota;0,0189;0,7030;0,2782;135;112
Lebanon;2020-07-05;1873; 18;36;1;1311;  7;526;  10;2020;lipiec; 5;niedziela;0,0192;0,6999;0,2808;136;113
Lebanon;2020-07-06;1885; 12;36;0;1311;  0;538;  12;2020;lipiec; 6;poniedziałek;0,0191;0,6955;0,2854;137;114
Lebanon;2020-07-07;1907; 22;36;0;1348; 37;523; -15;2020;lipiec; 7;wtorek;0,0189;0,7069;0,2743;138;115
Lebanon;2020-07-08;1946; 39;36;0;1368; 20;542;  19;2020;lipiec; 8;środa;0,0185;0,7030;0,2785;139;116
Lebanon;2020-07-09;2011; 65;36;0;1368;  0;607;  65;2020;lipiec; 9;czwartek;0,0179;0,6803;0,3018;140;117
Lebanon;2020-07-10;2082; 71;36;0;1402; 34;644;  37;2020;lipiec;10;piątek;0,0173;0,6734;0,3093;141;118
Lebanon;2020-07-11;2168; 86;36;0;1402;  0;730;  86;2020;lipiec;11;sobota;0,0166;0,6467;0,3367;142;119
Lebanon;2020-07-12;2334;166;36;0;1420; 18;878; 148;2020;lipiec;12;niedziela;0,0154;0,6084;0,3762;143;120
Lebanon;2020-07-13;2419; 85;36;0;1423;  3;960;  82;2020;lipiec;13;poniedziałek;0,0149;0,5883;0,3969;144;121
Lebanon;2020-07-14;2451; 32;37;1;1452; 29;962;   2;2020;lipiec;14;wtorek;0,0151;0,5924;0,3925;145;122
