Country;Date;Confirmed;New_Confirmed;Deaths;New_Deaths;Recovered;New_Recovered;Active;New_Active;Year;Month;Day;Week_Day;Deaths_Ratio;Recovered_Ratio;Active_Ratio;Day_Since_1st_Confirmed;Day_Since_100st_Confirmed
Mali;2020-03-25;   2; 2;  0;0;   0; 0;  2;  2;2020;marzec;25;środa;0,0000;0,0000;1,0000;  1; 0
Mali;2020-03-26;   4; 2;  0;0;   0; 0;  4;  2;2020;marzec;26;czwartek;0,0000;0,0000;1,0000;  2; 0
Mali;2020-03-27;  11; 7;  0;0;   0; 0; 11;  7;2020;marzec;27;piątek;0,0000;0,0000;1,0000;  3; 0
Mali;2020-03-28;  18; 7;  0;0;   0; 0; 18;  7;2020;marzec;28;sobota;0,0000;0,0000;1,0000;  4; 0
Mali;2020-03-29;  18; 0;  1;1;   0; 0; 17; -1;2020;marzec;29;niedziela;0,0556;0,0000;0,9444;  5; 0
Mali;2020-03-30;  25; 7;  2;1;   0; 0; 23;  6;2020;marzec;30;poniedziałek;0,0800;0,0000;0,9200;  6; 0
Mali;2020-03-31;  28; 3;  2;0;   0; 0; 26;  3;2020;marzec;31;wtorek;0,0714;0,0000;0,9286;  7; 0
Mali;2020-04-01;  31; 3;  3;1;   0; 0; 28;  2;2020;kwiecień; 1;środa;0,0968;0,0000;0,9032;  8; 0
Mali;2020-04-02;  36; 5;  3;0;   0; 0; 33;  5;2020;kwiecień; 2;czwartek;0,0833;0,0000;0,9167;  9; 0
Mali;2020-04-03;  39; 3;  3;0;   0; 0; 36;  3;2020;kwiecień; 3;piątek;0,0769;0,0000;0,9231; 10; 0
Mali;2020-04-04;  41; 2;  3;0;   1; 1; 37;  1;2020;kwiecień; 4;sobota;0,0732;0,0244;0,9024; 11; 0
Mali;2020-04-05;  45; 4;  5;2;   1; 0; 39;  2;2020;kwiecień; 5;niedziela;0,1111;0,0222;0,8667; 12; 0
Mali;2020-04-06;  47; 2;  5;0;   9; 8; 33; -6;2020;kwiecień; 6;poniedziałek;0,1064;0,1915;0,7021; 13; 0
Mali;2020-04-07;  56; 9;  5;0;  12; 3; 39;  6;2020;kwiecień; 7;wtorek;0,0893;0,2143;0,6964; 14; 0
Mali;2020-04-08;  59; 3;  7;2;  16; 4; 36; -3;2020;kwiecień; 8;środa;0,1186;0,2712;0,6102; 15; 0
Mali;2020-04-09;  74;15;  7;0;  22; 6; 45;  9;2020;kwiecień; 9;czwartek;0,0946;0,2973;0,6081; 16; 0
Mali;2020-04-10;  87;13;  7;0;  22; 0; 58; 13;2020;kwiecień;10;piątek;0,0805;0,2529;0,6667; 17; 0
Mali;2020-04-11;  87; 0;  7;0;  22; 0; 58;  0;2020;kwiecień;11;sobota;0,0805;0,2529;0,6667; 18; 0
Mali;2020-04-12; 105;18;  9;2;  22; 0; 74; 16;2020;kwiecień;12;niedziela;0,0857;0,2095;0,7048; 19; 1
Mali;2020-04-13; 123;18; 10;1;  26; 4; 87; 13;2020;kwiecień;13;poniedziałek;0,0813;0,2114;0,7073; 20; 2
Mali;2020-04-14; 144;21; 13;3;  34; 8; 97; 10;2020;kwiecień;14;wtorek;0,0903;0,2361;0,6736; 21; 3
Mali;2020-04-15; 148; 4; 13;0;  34; 0;101;  4;2020;kwiecień;15;środa;0,0878;0,2297;0,6824; 22; 4
Mali;2020-04-16; 171;23; 13;0;  34; 0;124; 23;2020;kwiecień;16;czwartek;0,0760;0,1988;0,7251; 23; 5
Mali;2020-04-17; 171; 0; 13;0;  34; 0;124;  0;2020;kwiecień;17;piątek;0,0760;0,1988;0,7251; 24; 6
Mali;2020-04-18; 216;45; 13;0;  41; 7;162; 38;2020;kwiecień;18;sobota;0,0602;0,1898;0,7500; 25; 7
Mali;2020-04-19; 224; 8; 14;1;  42; 1;168;  6;2020;kwiecień;19;niedziela;0,0625;0,1875;0,7500; 26; 8
Mali;2020-04-20; 246;22; 14;0;  56;14;176;  8;2020;kwiecień;20;poniedziałek;0,0569;0,2276;0,7154; 27; 9
Mali;2020-04-21; 258;12; 14;0;  57; 1;187; 11;2020;kwiecień;21;wtorek;0,0543;0,2209;0,7248; 28;10
Mali;2020-04-22; 293;35; 17;3;  73;16;203; 16;2020;kwiecień;22;środa;0,0580;0,2491;0,6928; 29;11
Mali;2020-04-23; 309;16; 21;4;  77; 4;211;  8;2020;kwiecień;23;czwartek;0,0680;0,2492;0,6828; 30;12
Mali;2020-04-24; 325;16; 21;0;  87;10;217;  6;2020;kwiecień;24;piątek;0,0646;0,2677;0,6677; 31;13
Mali;2020-04-25; 370;45; 21;0;  91; 4;258; 41;2020;kwiecień;25;sobota;0,0568;0,2459;0,6973; 32;14
Mali;2020-04-26; 389;19; 23;2; 112;21;254; -4;2020;kwiecień;26;niedziela;0,0591;0,2879;0,6530; 33;15
Mali;2020-04-27; 408;19; 23;0; 113; 1;272; 18;2020;kwiecień;27;poniedziałek;0,0564;0,2770;0,6667; 34;16
Mali;2020-04-28; 424;16; 24;1; 122; 9;278;  6;2020;kwiecień;28;wtorek;0,0566;0,2877;0,6557; 35;17
Mali;2020-04-29; 482;58; 25;1; 129; 7;328; 50;2020;kwiecień;29;środa;0,0519;0,2676;0,6805; 36;18
Mali;2020-04-30; 490; 8; 26;1; 135; 6;329;  1;2020;kwiecień;30;czwartek;0,0531;0,2755;0,6714; 37;19
Mali;2020-05-01; 508;18; 26;0; 196;61;286;-43;2020;maj; 1;piątek;0,0512;0,3858;0,5630; 38;20
Mali;2020-05-02; 544;36; 26;0; 206;10;312; 26;2020;maj; 2;sobota;0,0478;0,3787;0,5735; 39;21
Mali;2020-05-03; 563;19; 27;1; 213; 7;323; 11;2020;maj; 3;niedziela;0,0480;0,3783;0,5737; 40;22
Mali;2020-05-04; 580;17; 29;2; 223;10;328;  5;2020;maj; 4;poniedziałek;0,0500;0,3845;0,5655; 41;23
Mali;2020-05-05; 612;32; 32;3; 228; 5;352; 24;2020;maj; 5;wtorek;0,0523;0,3725;0,5752; 42;24
Mali;2020-05-06; 631;19; 32;0; 261;33;338;-14;2020;maj; 6;środa;0,0507;0,4136;0,5357; 43;25
Mali;2020-05-07; 650;19; 32;0; 271;10;347;  9;2020;maj; 7;czwartek;0,0492;0,4169;0,5338; 44;26
Mali;2020-05-08; 668;18; 35;3; 285;14;348;  1;2020;maj; 8;piątek;0,0524;0,4266;0,5210; 45;27
Mali;2020-05-09; 692;24; 37;2; 298;13;357;  9;2020;maj; 9;sobota;0,0535;0,4306;0,5159; 46;28
Mali;2020-05-10; 704;12; 38;1; 351;53;315;-42;2020;maj;10;niedziela;0,0540;0,4986;0,4474; 47;29
Mali;2020-05-11; 712; 8; 39;1; 377;26;296;-19;2020;maj;11;poniedziałek;0,0548;0,5295;0,4157; 48;30
Mali;2020-05-12; 730;18; 40;1; 398;21;292; -4;2020;maj;12;wtorek;0,0548;0,5452;0,4000; 49;31
Mali;2020-05-13; 758;28; 44;4; 412;14;302; 10;2020;maj;13;środa;0,0580;0,5435;0,3984; 50;32
Mali;2020-05-14; 779;21; 46;2; 436;24;297; -5;2020;maj;14;czwartek;0,0591;0,5597;0,3813; 51;33
Mali;2020-05-15; 806;27; 46;0; 455;19;305;  8;2020;maj;15;piątek;0,0571;0,5645;0,3784; 52;34
Mali;2020-05-16; 835;29; 48;2; 479;24;308;  3;2020;maj;16;sobota;0,0575;0,5737;0,3689; 53;35
Mali;2020-05-17; 860;25; 52;4; 494;15;314;  6;2020;maj;17;niedziela;0,0605;0,5744;0,3651; 54;36
Mali;2020-05-18; 874;14; 52;0; 512;18;310; -4;2020;maj;18;poniedziałek;0,0595;0,5858;0,3547; 55;37
Mali;2020-05-19; 901;27; 53;1; 529;17;319;  9;2020;maj;19;wtorek;0,0588;0,5871;0,3541; 56;38
Mali;2020-05-20; 931;30; 55;2; 543;14;333; 14;2020;maj;20;środa;0,0591;0,5832;0,3577; 57;39
Mali;2020-05-21; 947;16; 60;5; 558;15;329; -4;2020;maj;21;czwartek;0,0634;0,5892;0,3474; 58;40
Mali;2020-05-22; 969;22; 62;2; 560; 2;347; 18;2020;maj;22;piątek;0,0640;0,5779;0,3581; 59;41
Mali;2020-05-23;1015;46; 63;1; 574;14;378; 31;2020;maj;23;sobota;0,0621;0,5655;0,3724; 60;42
Mali;2020-05-24;1030;15; 65;2; 597;23;368;-10;2020;maj;24;niedziela;0,0631;0,5796;0,3573; 61;43
Mali;2020-05-25;1059;29; 67;2; 604; 7;388; 20;2020;maj;25;poniedziałek;0,0633;0,5703;0,3664; 62;44
Mali;2020-05-26;1077;18; 70;3; 617;13;390;  2;2020;maj;26;wtorek;0,0650;0,5729;0,3621; 63;45
Mali;2020-05-27;1116;39; 70;0; 632;15;414; 24;2020;maj;27;środa;0,0627;0,5663;0,3710; 64;46
Mali;2020-05-28;1194;78; 72;2; 652;20;470; 56;2020;maj;28;czwartek;0,0603;0,5461;0,3936; 65;47
Mali;2020-05-29;1226;32; 73;1; 669;17;484; 14;2020;maj;29;piątek;0,0595;0,5457;0,3948; 66;48
Mali;2020-05-30;1250;24; 76;3; 696;27;478; -6;2020;maj;30;sobota;0,0608;0,5568;0,3824; 67;49
Mali;2020-05-31;1265;15; 77;1; 716;20;472; -6;2020;maj;31;niedziela;0,0609;0,5660;0,3731; 68;50
Mali;2020-06-01;1315;50; 78;1; 744;28;493; 21;2020;czerwiec; 1;poniedziałek;0,0593;0,5658;0,3749; 69;51
Mali;2020-06-02;1351;36; 78;0; 769;25;504; 11;2020;czerwiec; 2;wtorek;0,0577;0,5692;0,3731; 70;52
Mali;2020-06-03;1386;35; 79;1; 788;19;519; 15;2020;czerwiec; 3;środa;0,0570;0,5685;0,3745; 71;53
Mali;2020-06-04;1461;75; 85;6; 806;18;570; 51;2020;czerwiec; 4;czwartek;0,0582;0,5517;0,3901; 72;54
Mali;2020-06-05;1485;24; 87;2; 816;10;582; 12;2020;czerwiec; 5;piątek;0,0586;0,5495;0,3919; 73;55
Mali;2020-06-06;1523;38; 90;3; 845;29;588;  6;2020;czerwiec; 6;sobota;0,0591;0,5548;0,3861; 74;56
Mali;2020-06-07;1533;10; 90;0; 873;28;570;-18;2020;czerwiec; 7;niedziela;0,0587;0,5695;0,3718; 75;57
Mali;2020-06-08;1547;14; 92;2; 916;43;539;-31;2020;czerwiec; 8;poniedziałek;0,0595;0,5921;0,3484; 76;58
Mali;2020-06-09;1586;39; 94;2; 931;15;561; 22;2020;czerwiec; 9;wtorek;0,0593;0,5870;0,3537; 77;59
Mali;2020-06-10;1667;81; 96;2; 948;17;623; 62;2020;czerwiec;10;środa;0,0576;0,5687;0,3737; 78;60
Mali;2020-06-11;1722;55; 97;1; 989;41;636; 13;2020;czerwiec;11;czwartek;0,0563;0,5743;0,3693; 79;61
Mali;2020-06-12;1752;30;101;4;1023;34;628; -8;2020;czerwiec;12;piątek;0,0576;0,5839;0,3584; 80;62
Mali;2020-06-13;1776;24;104;3;1058;35;614;-14;2020;czerwiec;13;sobota;0,0586;0,5957;0,3457; 81;63
Mali;2020-06-14;1809;33;104;0;1088;30;617;  3;2020;czerwiec;14;niedziela;0,0575;0,6014;0,3411; 82;64
Mali;2020-06-15;1860;51;104;0;1125;37;631; 14;2020;czerwiec;15;poniedziałek;0,0559;0,6048;0,3392; 83;65
Mali;2020-06-16;1885;25;104;0;1145;20;636;  5;2020;czerwiec;16;wtorek;0,0552;0,6074;0,3374; 84;66
Mali;2020-06-17;1890; 5;107;3;1168;23;615;-21;2020;czerwiec;17;środa;0,0566;0,6180;0,3254; 85;67
Mali;2020-06-18;1906;16;107;0;1192;24;607; -8;2020;czerwiec;18;czwartek;0,0561;0,6254;0,3185; 86;68
Mali;2020-06-19;1923;17;108;1;1217;25;598; -9;2020;czerwiec;19;piątek;0,0562;0,6329;0,3110; 87;69
Mali;2020-06-20;1933;10;109;1;1255;38;569;-29;2020;czerwiec;20;sobota;0,0564;0,6492;0,2944; 88;70
Mali;2020-06-21;1933; 0;109;0;1255; 0;569;  0;2020;czerwiec;21;niedziela;0,0564;0,6492;0,2944; 89;71
Mali;2020-06-22;1961;28;111;2;1266;11;584; 15;2020;czerwiec;22;poniedziałek;0,0566;0,6456;0,2978; 90;72
Mali;2020-06-23;1978;17;111;0;1302;36;565;-19;2020;czerwiec;23;wtorek;0,0561;0,6582;0,2856; 91;73
Mali;2020-06-24;2005;27;112;1;1354;52;539;-26;2020;czerwiec;24;środa;0,0559;0,6753;0,2688; 92;74
Mali;2020-06-25;2039;34;113;1;1383;29;543;  4;2020;czerwiec;25;czwartek;0,0554;0,6783;0,2663; 93;75
Mali;2020-06-26;2060;21;113;0;1387; 4;560; 17;2020;czerwiec;26;piątek;0,0549;0,6733;0,2718; 94;76
Mali;2020-06-27;2118;58;113;0;1398;11;607; 47;2020;czerwiec;27;sobota;0,0534;0,6601;0,2866; 95;77
Mali;2020-06-28;2147;29;114;1;1432;34;601; -6;2020;czerwiec;28;niedziela;0,0531;0,6670;0,2799; 96;78
Mali;2020-06-29;2173;26;115;1;1447;15;611; 10;2020;czerwiec;29;poniedziałek;0,0529;0,6659;0,2812; 97;79
Mali;2020-06-30;2181; 8;116;1;1474;27;591;-20;2020;czerwiec;30;wtorek;0,0532;0,6758;0,2710; 98;80
Mali;2020-07-01;2202;21;116;0;1483; 9;603; 12;2020;lipiec; 1;środa;0,0527;0,6735;0,2738; 99;81
Mali;2020-07-02;2260;58;117;1;1502;19;641; 38;2020;lipiec; 2;czwartek;0,0518;0,6646;0,2836;100;82
Mali;2020-07-03;2285;25;117;0;1507; 5;661; 20;2020;lipiec; 3;piątek;0,0512;0,6595;0,2893;101;83
Mali;2020-07-04;2303;18;118;1;1516; 9;669;  8;2020;lipiec; 4;sobota;0,0512;0,6583;0,2905;102;84
Mali;2020-07-05;2330;27;119;1;1527;11;684; 15;2020;lipiec; 5;niedziela;0,0511;0,6554;0,2936;103;85
Mali;2020-07-06;2331; 1;119;0;1547;20;665;-19;2020;lipiec; 6;poniedziałek;0,0511;0,6637;0,2853;104;86
Mali;2020-07-07;2348;17;119;0;1556; 9;673;  8;2020;lipiec; 7;wtorek;0,0507;0,6627;0,2866;105;87
Mali;2020-07-08;2358;10;120;1;1597;41;641;-32;2020;lipiec; 8;środa;0,0509;0,6773;0,2718;106;88
Mali;2020-07-09;2370;12;120;0;1621;24;629;-12;2020;lipiec; 9;czwartek;0,0506;0,6840;0,2654;107;89
Mali;2020-07-10;2404;34;121;1;1650;29;633;  4;2020;lipiec;10;piątek;0,0503;0,6864;0,2633;108;90
Mali;2020-07-11;2406; 2;121;0;1683;33;602;-31;2020;lipiec;11;sobota;0,0503;0,6995;0,2502;109;91
Mali;2020-07-12;2411; 5;121;0;1694;11;596; -6;2020;lipiec;12;niedziela;0,0502;0,7026;0,2472;110;92
Mali;2020-07-13;2412; 1;121;0;1730;36;561;-35;2020;lipiec;13;poniedziałek;0,0502;0,7172;0,2326;111;93
Mali;2020-07-14;2423;11;121;0;1748;18;554; -7;2020;lipiec;14;wtorek;0,0499;0,7214;0,2286;112;94
