Country;Date;Confirmed;New_Confirmed;Deaths;New_Deaths;Recovered;New_Recovered;Active;New_Active;Year;Month;Day;Week_Day;Deaths_Ratio;Recovered_Ratio;Active_Ratio;Day_Since_1st_Confirmed;Day_Since_100st_Confirmed
Mexico;2020-02-28;     1;   1;    0;   0;     0;   0;    1;    1;2020;luty;28;piątek;0,0000;0,0000;1,0000;  1; 0
Mexico;2020-02-29;     4;   3;    0;   0;     0;   0;    4;    3;2020;luty;29;sobota;0,0000;0,0000;1,0000;  2; 0
Mexico;2020-03-01;     5;   1;    0;   0;     0;   0;    5;    1;2020;marzec; 1;niedziela;0,0000;0,0000;1,0000;  3; 0
Mexico;2020-03-02;     5;   0;    0;   0;     0;   0;    5;    0;2020;marzec; 2;poniedziałek;0,0000;0,0000;1,0000;  4; 0
Mexico;2020-03-03;     5;   0;    0;   0;     1;   1;    4;   -1;2020;marzec; 3;wtorek;0,0000;0,2000;0,8000;  5; 0
Mexico;2020-03-04;     5;   0;    0;   0;     1;   0;    4;    0;2020;marzec; 4;środa;0,0000;0,2000;0,8000;  6; 0
Mexico;2020-03-05;     5;   0;    0;   0;     1;   0;    4;    0;2020;marzec; 5;czwartek;0,0000;0,2000;0,8000;  7; 0
Mexico;2020-03-06;     6;   1;    0;   0;     1;   0;    5;    1;2020;marzec; 6;piątek;0,0000;0,1667;0,8333;  8; 0
Mexico;2020-03-07;     6;   0;    0;   0;     1;   0;    5;    0;2020;marzec; 7;sobota;0,0000;0,1667;0,8333;  9; 0
Mexico;2020-03-08;     7;   1;    0;   0;     1;   0;    6;    1;2020;marzec; 8;niedziela;0,0000;0,1429;0,8571; 10; 0
Mexico;2020-03-09;     7;   0;    0;   0;     1;   0;    6;    0;2020;marzec; 9;poniedziałek;0,0000;0,1429;0,8571; 11; 0
Mexico;2020-03-10;     7;   0;    0;   0;     4;   3;    3;   -3;2020;marzec;10;wtorek;0,0000;0,5714;0,4286; 12; 0
Mexico;2020-03-11;     8;   1;    0;   0;     4;   0;    4;    1;2020;marzec;11;środa;0,0000;0,5000;0,5000; 13; 0
Mexico;2020-03-12;    12;   4;    0;   0;     4;   0;    8;    4;2020;marzec;12;czwartek;0,0000;0,3333;0,6667; 14; 0
Mexico;2020-03-13;    26;  14;    0;   0;     4;   0;   22;   14;2020;marzec;13;piątek;0,0000;0,1538;0,8462; 15; 0
Mexico;2020-03-14;    41;  15;    0;   0;     4;   0;   37;   15;2020;marzec;14;sobota;0,0000;0,0976;0,9024; 16; 0
Mexico;2020-03-15;    53;  12;    0;   0;     4;   0;   49;   12;2020;marzec;15;niedziela;0,0000;0,0755;0,9245; 17; 0
Mexico;2020-03-16;    82;  29;    0;   0;     4;   0;   78;   29;2020;marzec;16;poniedziałek;0,0000;0,0488;0,9512; 18; 0
Mexico;2020-03-17;    93;  11;    0;   0;     4;   0;   89;   11;2020;marzec;17;wtorek;0,0000;0,0430;0,9570; 19; 0
Mexico;2020-03-18;   118;  25;    0;   0;     4;   0;  114;   25;2020;marzec;18;środa;0,0000;0,0339;0,9661; 20; 1
Mexico;2020-03-19;   164;  46;    1;   1;     4;   0;  159;   45;2020;marzec;19;czwartek;0,0061;0,0244;0,9695; 21; 2
Mexico;2020-03-20;   203;  39;    2;   1;     4;   0;  197;   38;2020;marzec;20;piątek;0,0099;0,0197;0,9704; 22; 3
Mexico;2020-03-21;   251;  48;    2;   0;     4;   0;  245;   48;2020;marzec;21;sobota;0,0080;0,0159;0,9761; 23; 4
Mexico;2020-03-22;   316;  65;    3;   1;     4;   0;  309;   64;2020;marzec;22;niedziela;0,0095;0,0127;0,9778; 24; 5
Mexico;2020-03-23;   367;  51;    4;   1;     4;   0;  359;   50;2020;marzec;23;poniedziałek;0,0109;0,0109;0,9782; 25; 6
Mexico;2020-03-24;   405;  38;    5;   1;     4;   0;  396;   37;2020;marzec;24;wtorek;0,0123;0,0099;0,9778; 26; 7
Mexico;2020-03-25;   475;  70;    6;   1;     4;   0;  465;   69;2020;marzec;25;środa;0,0126;0,0084;0,9789; 27; 8
Mexico;2020-03-26;   585; 110;    8;   2;     4;   0;  573;  108;2020;marzec;26;czwartek;0,0137;0,0068;0,9795; 28; 9
Mexico;2020-03-27;   717; 132;   12;   4;     4;   0;  701;  128;2020;marzec;27;piątek;0,0167;0,0056;0,9777; 29;10
Mexico;2020-03-28;   848; 131;   16;   4;     4;   0;  828;  127;2020;marzec;28;sobota;0,0189;0,0047;0,9764; 30;11
Mexico;2020-03-29;   993; 145;   20;   4;     4;   0;  969;  141;2020;marzec;29;niedziela;0,0201;0,0040;0,9758; 31;12
Mexico;2020-03-30;  1094; 101;   28;   8;    35;  31; 1031;   62;2020;marzec;30;poniedziałek;0,0256;0,0320;0,9424; 32;13
Mexico;2020-03-31;  1215; 121;   29;   1;    35;   0; 1151;  120;2020;marzec;31;wtorek;0,0239;0,0288;0,9473; 33;14
Mexico;2020-04-01;  1378; 163;   37;   8;    35;   0; 1306;  155;2020;kwiecień; 1;środa;0,0269;0,0254;0,9478; 34;15
Mexico;2020-04-02;  1510; 132;   50;  13;    35;   0; 1425;  119;2020;kwiecień; 2;czwartek;0,0331;0,0232;0,9437; 35;16
Mexico;2020-04-03;  1688; 178;   60;  10;   633; 598;  995; -430;2020;kwiecień; 3;piątek;0,0355;0,3750;0,5895; 36;17
Mexico;2020-04-04;  1890; 202;   79;  19;   633;   0; 1178;  183;2020;kwiecień; 4;sobota;0,0418;0,3349;0,6233; 37;18
Mexico;2020-04-05;  2143; 253;   94;  15;   633;   0; 1416;  238;2020;kwiecień; 5;niedziela;0,0439;0,2954;0,6608; 38;19
Mexico;2020-04-06;  2439; 296;  125;  31;   633;   0; 1681;  265;2020;kwiecień; 6;poniedziałek;0,0513;0,2595;0,6892; 39;20
Mexico;2020-04-07;  2785; 346;  141;  16;   633;   0; 2011;  330;2020;kwiecień; 7;wtorek;0,0506;0,2273;0,7221; 40;21
Mexico;2020-04-08;  3181; 396;  174;  33;   633;   0; 2374;  363;2020;kwiecień; 8;środa;0,0547;0,1990;0,7463; 41;22
Mexico;2020-04-09;  3441; 260;  194;  20;   633;   0; 2614;  240;2020;kwiecień; 9;czwartek;0,0564;0,1840;0,7597; 42;23
Mexico;2020-04-10;  3844; 403;  233;  39;   633;   0; 2978;  364;2020;kwiecień;10;piątek;0,0606;0,1647;0,7747; 43;24
Mexico;2020-04-11;  4219; 375;  273;  40;   633;   0; 3313;  335;2020;kwiecień;11;sobota;0,0647;0,1500;0,7853; 44;25
Mexico;2020-04-12;  4661; 442;  296;  23;  1772;1139; 2593; -720;2020;kwiecień;12;niedziela;0,0635;0,3802;0,5563; 45;26
Mexico;2020-04-13;  5014; 353;  332;  36;  1843;  71; 2839;  246;2020;kwiecień;13;poniedziałek;0,0662;0,3676;0,5662; 46;27
Mexico;2020-04-14;  5399; 385;  406;  74;  1964; 121; 3029;  190;2020;kwiecień;14;wtorek;0,0752;0,3638;0,5610; 47;28
Mexico;2020-04-15;  5847; 448;  449;  43;  2125; 161; 3273;  244;2020;kwiecień;15;środa;0,0768;0,3634;0,5598; 48;29
Mexico;2020-04-16;  6297; 450;  486;  37;  2125;   0; 3686;  413;2020;kwiecień;16;czwartek;0,0772;0,3375;0,5854; 49;30
Mexico;2020-04-17;  6875; 578;  546;  60;  2125;   0; 4204;  518;2020;kwiecień;17;piątek;0,0794;0,3091;0,6115; 50;31
Mexico;2020-04-18;  7497; 622;  650; 104;  2125;   0; 4722;  518;2020;kwiecień;18;sobota;0,0867;0,2834;0,6299; 51;32
Mexico;2020-04-19;  8261; 764;  686;  36;  2627; 502; 4948;  226;2020;kwiecień;19;niedziela;0,0830;0,3180;0,5990; 52;33
Mexico;2020-04-20;  8772; 511;  712;  26;  2627;   0; 5433;  485;2020;kwiecień;20;poniedziałek;0,0812;0,2995;0,6194; 53;34
Mexico;2020-04-21;  9501; 729;  857; 145;  2627;   0; 6017;  584;2020;kwiecień;21;wtorek;0,0902;0,2765;0,6333; 54;35
Mexico;2020-04-22; 10544;1043;  970; 113;  2627;   0; 6947;  930;2020;kwiecień;22;środa;0,0920;0,2491;0,6589; 55;36
Mexico;2020-04-23; 11633;1089; 1069;  99;  2627;   0; 7937;  990;2020;kwiecień;23;czwartek;0,0919;0,2258;0,6823; 56;37
Mexico;2020-04-24; 12872;1239; 1221; 152;  2627;   0; 9024; 1087;2020;kwiecień;24;piątek;0,0949;0,2041;0,7011; 57;38
Mexico;2020-04-25; 13842; 970; 1305;  84;  7149;4522; 5388;-3636;2020;kwiecień;25;sobota;0,0943;0,5165;0,3893; 58;39
Mexico;2020-04-26; 14677; 835; 1351;  46;  8354;1205; 4972; -416;2020;kwiecień;26;niedziela;0,0920;0,5692;0,3388; 59;40
Mexico;2020-04-27; 15529; 852; 1434;  83;  9086; 732; 5009;   37;2020;kwiecień;27;poniedziałek;0,0923;0,5851;0,3226; 60;41
Mexico;2020-04-28; 16752;1223; 1569; 135; 11423;2337; 3760;-1249;2020;kwiecień;28;wtorek;0,0937;0,6819;0,2245; 61;42
Mexico;2020-04-29; 17799;1047; 1732; 163; 11423;   0; 4644;  884;2020;kwiecień;29;środa;0,0973;0,6418;0,2609; 62;43
Mexico;2020-04-30; 19224;1425; 1859; 127; 11423;   0; 5942; 1298;2020;kwiecień;30;czwartek;0,0967;0,5942;0,3091; 63;44
Mexico;2020-05-01; 20739;1515; 1972; 113; 12377; 954; 6390;  448;2020;maj; 1;piątek;0,0951;0,5968;0,3081; 64;45
Mexico;2020-05-02; 22088;1349; 2061;  89; 12377;   0; 7650; 1260;2020;maj; 2;sobota;0,0933;0,5603;0,3463; 65;46
Mexico;2020-05-03; 23471;1383; 2154;  93; 13447;1070; 7870;  220;2020;maj; 3;niedziela;0,0918;0,5729;0,3353; 66;47
Mexico;2020-05-04; 24905;1434; 2271; 117; 13447;   0; 9187; 1317;2020;maj; 4;poniedziałek;0,0912;0,5399;0,3689; 67;48
Mexico;2020-05-05; 26025;1120; 2507; 236; 16810;3363; 6708;-2479;2020;maj; 5;wtorek;0,0963;0,6459;0,2578; 68;49
Mexico;2020-05-06; 27634;1609; 2704; 197; 17781; 971; 7149;  441;2020;maj; 6;środa;0,0979;0,6434;0,2587; 69;50
Mexico;2020-05-07; 29616;1982; 2961; 257; 17781;   0; 8874; 1725;2020;maj; 7;czwartek;0,1000;0,6004;0,2996; 70;51
Mexico;2020-05-08; 31522;1906; 3160; 199; 20314;2533; 8048; -826;2020;maj; 8;piątek;0,1002;0,6444;0,2553; 71;52
Mexico;2020-05-09; 33460;1938; 3353; 193; 21824;1510; 8283;  235;2020;maj; 9;sobota;0,1002;0,6522;0,2475; 72;53
Mexico;2020-05-10; 35022;1562; 3465; 112; 21824;   0; 9733; 1450;2020;maj;10;niedziela;0,0989;0,6232;0,2779; 73;54
Mexico;2020-05-11; 36327;1305; 3573; 108; 23100;1276; 9654;  -79;2020;maj;11;poniedziałek;0,0984;0,6359;0,2658; 74;55
Mexico;2020-05-12; 38324;1997; 3926; 353; 25935;2835; 8463;-1191;2020;maj;12;wtorek;0,1024;0,6767;0,2208; 75;56
Mexico;2020-05-13; 40186;1862; 4220; 294; 26990;1055; 8976;  513;2020;maj;13;środa;0,1050;0,6716;0,2234; 76;57
Mexico;2020-05-14; 42595;2409; 4477; 257; 28475;1485; 9643;  667;2020;maj;14;czwartek;0,1051;0,6685;0,2264; 77;58
Mexico;2020-05-15; 45032;2437; 4767; 290; 30451;1976; 9814;  171;2020;maj;15;piątek;0,1059;0,6762;0,2179; 78;59
Mexico;2020-05-16; 47144;2112; 5045; 278; 31848;1397;10251;  437;2020;maj;16;sobota;0,1070;0,6755;0,2174; 79;60
Mexico;2020-05-17; 49219;2075; 5177; 132; 33329;1481;10713;  462;2020;maj;17;niedziela;0,1052;0,6772;0,2177; 80;61
Mexico;2020-05-18; 51633;2414; 5332; 155; 35388;2059;10913;  200;2020;maj;18;poniedziałek;0,1033;0,6854;0,2114; 81;62
Mexico;2020-05-19; 54346;2713; 5666; 334; 37325;1937;11355;  442;2020;maj;19;wtorek;0,1043;0,6868;0,2089; 82;63
Mexico;2020-05-20; 56594;2248; 6090; 424; 38419;1094;12085;  730;2020;maj;20;środa;0,1076;0,6789;0,2135; 83;64
Mexico;2020-05-21; 59567;2973; 6510; 420; 40152;1733;12905;  820;2020;maj;21;czwartek;0,1093;0,6741;0,2166; 84;65
Mexico;2020-05-22; 62527;2960; 6989; 479; 42191;2039;13347;  442;2020;maj;22;piątek;0,1118;0,6748;0,2135; 85;66
Mexico;2020-05-23; 65856;3329; 7179; 190; 44424;2233;14253;  906;2020;maj;23;sobota;0,1090;0,6746;0,2164; 86;67
Mexico;2020-05-24; 68620;2764; 7394; 215; 46979;2555;14247;   -6;2020;maj;24;niedziela;0,1078;0,6846;0,2076; 87;68
Mexico;2020-05-25; 71105;2485; 7633; 239; 49452;2473;14020; -227;2020;maj;25;poniedziałek;0,1073;0,6955;0,1972; 88;69
Mexico;2020-05-26; 74560;3455; 8134; 501; 51708;2256;14718;  698;2020;maj;26;wtorek;0,1091;0,6935;0,1974; 89;70
Mexico;2020-05-27; 78023;3463; 8597; 463; 53834;2126;15592;  874;2020;maj;27;środa;0,1102;0,6900;0,1998; 90;71
Mexico;2020-05-28; 81400;3377; 9044; 447; 56041;2207;16315;  723;2020;maj;28;czwartek;0,1111;0,6885;0,2004; 91;72
Mexico;2020-05-29; 84627;3227; 9415; 371; 59003;2962;16209; -106;2020;maj;29;piątek;0,1113;0,6972;0,1915; 92;73
Mexico;2020-05-30; 87512;2885; 9779; 364; 61247;2244;16486;  277;2020;maj;30;sobota;0,1117;0,6999;0,1884; 93;74
Mexico;2020-05-31; 90664;3152; 9930; 151; 63772;2525;16962;  476;2020;maj;31;niedziela;0,1095;0,7034;0,1871; 94;75
Mexico;2020-06-01; 93435;2771;10167; 237; 66965;3193;16303; -659;2020;czerwiec; 1;poniedziałek;0,1088;0,7167;0,1745; 95;76
Mexico;2020-06-02; 97326;3891;10637; 470; 69749;2784;16940;  637;2020;czerwiec; 2;wtorek;0,1093;0,7167;0,1741; 96;77
Mexico;2020-06-03;101238;3912;11729;1092; 72680;2931;16829; -111;2020;czerwiec; 3;środa;0,1159;0,7179;0,1662; 97;78
Mexico;2020-06-04;105680;4442;12545; 816; 74758;2078;18377; 1548;2020;czerwiec; 4;czwartek;0,1187;0,7074;0,1739; 98;79
Mexico;2020-06-05;110026;4346;13170; 625; 77841;3083;19015;  638;2020;czerwiec; 5;piątek;0,1197;0,7075;0,1728; 99;80
Mexico;2020-06-06;113619;3593;13511; 341; 80830;2989;19278;  263;2020;czerwiec; 6;sobota;0,1189;0,7114;0,1697;100;81
Mexico;2020-06-07;117103;3484;13699; 188; 83775;2945;19629;  351;2020;czerwiec; 7;niedziela;0,1170;0,7154;0,1676;101;82
Mexico;2020-06-08;120102;2999;14053; 354; 87633;3858;18416;-1213;2020;czerwiec; 8;poniedziałek;0,1170;0,7297;0,1533;102;83
Mexico;2020-06-09;124301;4199;14649; 596; 90748;3115;18904;  488;2020;czerwiec; 9;wtorek;0,1179;0,7301;0,1521;103;84
Mexico;2020-06-10;129184;4883;15357; 708; 93930;3182;19897;  993;2020;czerwiec;10;środa;0,1189;0,7271;0,1540;104;85
Mexico;2020-06-11;133974;4790;15944; 587; 97198;3268;20832;  935;2020;czerwiec;11;czwartek;0,1190;0,7255;0,1555;105;86
Mexico;2020-06-12;139196;5222;16448; 504;100876;3678;21872; 1040;2020;czerwiec;12;piątek;0,1182;0,7247;0,1571;106;87
Mexico;2020-06-13;142690;3494;16872; 424;104078;3202;21740; -132;2020;czerwiec;13;sobota;0,1182;0,7294;0,1524;107;88
Mexico;2020-06-14;146837;4147;17141; 269;107298;3220;22398;  658;2020;czerwiec;14;niedziela;0,1167;0,7307;0,1525;108;89
Mexico;2020-06-15;150264;3427;17580; 439;112292;4994;20392;-2006;2020;czerwiec;15;poniedziałek;0,1170;0,7473;0,1357;109;90
Mexico;2020-06-16;154863;4599;18310; 730;115394;3102;21159;  767;2020;czerwiec;16;wtorek;0,1182;0,7451;0,1366;110;91
Mexico;2020-06-17;159793;4930;19080; 770;118504;3110;22209; 1050;2020;czerwiec;17;środa;0,1194;0,7416;0,1390;111;92
Mexico;2020-06-18;165455;5662;19747; 667;122180;3676;23528; 1319;2020;czerwiec;18;czwartek;0,1193;0,7384;0,1422;112;93
Mexico;2020-06-19;170485;5030;20394; 647;126438;4258;23653;  125;2020;czerwiec;19;piątek;0,1196;0,7416;0,1387;113;94
Mexico;2020-06-20;175202;4717;20781; 387;130854;4416;23567;  -86;2020;czerwiec;20;sobota;0,1186;0,7469;0,1345;114;95
Mexico;2020-06-21;180545;5343;21825;1044;134495;3641;24225;  658;2020;czerwiec;21;niedziela;0,1209;0,7449;0,1342;115;96
Mexico;2020-06-22;185122;4577;22584; 759;139383;4888;23155;-1070;2020;czerwiec;22;poniedziałek;0,1220;0,7529;0,1251;116;97
Mexico;2020-06-23;191410;6288;23377; 793;143646;4263;24387; 1232;2020;czerwiec;23;wtorek;0,1221;0,7505;0,1274;117;98
