Country;Date;Confirmed;New_Confirmed;Deaths;New_Deaths;Recovered;New_Recovered;Active;New_Active;Year;Month;Day;Week_Day;Deaths_Ratio;Recovered_Ratio;Active_Ratio;Day_Since_1st_Confirmed;Day_Since_100st_Confirmed
Nepal;2020-01-25;   1;  1; 0;0;   0;  0;   1;  1;2020;styczeń;25;sobota;0,0000;0,0000;1,0000;  1; 0
Nepal;2020-01-26;   1;  0; 0;0;   0;  0;   1;  0;2020;styczeń;26;niedziela;0,0000;0,0000;1,0000;  2; 0
Nepal;2020-01-27;   1;  0; 0;0;   0;  0;   1;  0;2020;styczeń;27;poniedziałek;0,0000;0,0000;1,0000;  3; 0
Nepal;2020-01-28;   1;  0; 0;0;   0;  0;   1;  0;2020;styczeń;28;wtorek;0,0000;0,0000;1,0000;  4; 0
Nepal;2020-01-29;   1;  0; 0;0;   0;  0;   1;  0;2020;styczeń;29;środa;0,0000;0,0000;1,0000;  5; 0
Nepal;2020-01-30;   1;  0; 0;0;   0;  0;   1;  0;2020;styczeń;30;czwartek;0,0000;0,0000;1,0000;  6; 0
Nepal;2020-01-31;   1;  0; 0;0;   0;  0;   1;  0;2020;styczeń;31;piątek;0,0000;0,0000;1,0000;  7; 0
Nepal;2020-02-01;   1;  0; 0;0;   0;  0;   1;  0;2020;luty; 1;sobota;0,0000;0,0000;1,0000;  8; 0
Nepal;2020-02-02;   1;  0; 0;0;   0;  0;   1;  0;2020;luty; 2;niedziela;0,0000;0,0000;1,0000;  9; 0
Nepal;2020-02-03;   1;  0; 0;0;   0;  0;   1;  0;2020;luty; 3;poniedziałek;0,0000;0,0000;1,0000; 10; 0
Nepal;2020-02-04;   1;  0; 0;0;   0;  0;   1;  0;2020;luty; 4;wtorek;0,0000;0,0000;1,0000; 11; 0
Nepal;2020-02-05;   1;  0; 0;0;   0;  0;   1;  0;2020;luty; 5;środa;0,0000;0,0000;1,0000; 12; 0
Nepal;2020-02-06;   1;  0; 0;0;   0;  0;   1;  0;2020;luty; 6;czwartek;0,0000;0,0000;1,0000; 13; 0
Nepal;2020-02-07;   1;  0; 0;0;   0;  0;   1;  0;2020;luty; 7;piątek;0,0000;0,0000;1,0000; 14; 0
Nepal;2020-02-08;   1;  0; 0;0;   0;  0;   1;  0;2020;luty; 8;sobota;0,0000;0,0000;1,0000; 15; 0
Nepal;2020-02-09;   1;  0; 0;0;   0;  0;   1;  0;2020;luty; 9;niedziela;0,0000;0,0000;1,0000; 16; 0
Nepal;2020-02-10;   1;  0; 0;0;   0;  0;   1;  0;2020;luty;10;poniedziałek;0,0000;0,0000;1,0000; 17; 0
Nepal;2020-02-11;   1;  0; 0;0;   0;  0;   1;  0;2020;luty;11;wtorek;0,0000;0,0000;1,0000; 18; 0
Nepal;2020-02-12;   1;  0; 0;0;   1;  1;   0; -1;2020;luty;12;środa;0,0000;1,0000;0,0000; 19; 0
Nepal;2020-02-13;   1;  0; 0;0;   1;  0;   0;  0;2020;luty;13;czwartek;0,0000;1,0000;0,0000; 20; 0
Nepal;2020-02-14;   1;  0; 0;0;   1;  0;   0;  0;2020;luty;14;piątek;0,0000;1,0000;0,0000; 21; 0
Nepal;2020-02-15;   1;  0; 0;0;   1;  0;   0;  0;2020;luty;15;sobota;0,0000;1,0000;0,0000; 22; 0
Nepal;2020-02-16;   1;  0; 0;0;   1;  0;   0;  0;2020;luty;16;niedziela;0,0000;1,0000;0,0000; 23; 0
Nepal;2020-02-17;   1;  0; 0;0;   1;  0;   0;  0;2020;luty;17;poniedziałek;0,0000;1,0000;0,0000; 24; 0
Nepal;2020-02-18;   1;  0; 0;0;   1;  0;   0;  0;2020;luty;18;wtorek;0,0000;1,0000;0,0000; 25; 0
Nepal;2020-02-19;   1;  0; 0;0;   1;  0;   0;  0;2020;luty;19;środa;0,0000;1,0000;0,0000; 26; 0
Nepal;2020-02-20;   1;  0; 0;0;   1;  0;   0;  0;2020;luty;20;czwartek;0,0000;1,0000;0,0000; 27; 0
Nepal;2020-02-21;   1;  0; 0;0;   1;  0;   0;  0;2020;luty;21;piątek;0,0000;1,0000;0,0000; 28; 0
Nepal;2020-02-22;   1;  0; 0;0;   1;  0;   0;  0;2020;luty;22;sobota;0,0000;1,0000;0,0000; 29; 0
Nepal;2020-02-23;   1;  0; 0;0;   1;  0;   0;  0;2020;luty;23;niedziela;0,0000;1,0000;0,0000; 30; 0
Nepal;2020-02-24;   1;  0; 0;0;   1;  0;   0;  0;2020;luty;24;poniedziałek;0,0000;1,0000;0,0000; 31; 0
Nepal;2020-02-25;   1;  0; 0;0;   1;  0;   0;  0;2020;luty;25;wtorek;0,0000;1,0000;0,0000; 32; 0
Nepal;2020-02-26;   1;  0; 0;0;   1;  0;   0;  0;2020;luty;26;środa;0,0000;1,0000;0,0000; 33; 0
Nepal;2020-02-27;   1;  0; 0;0;   1;  0;   0;  0;2020;luty;27;czwartek;0,0000;1,0000;0,0000; 34; 0
Nepal;2020-02-28;   1;  0; 0;0;   1;  0;   0;  0;2020;luty;28;piątek;0,0000;1,0000;0,0000; 35; 0
Nepal;2020-02-29;   1;  0; 0;0;   1;  0;   0;  0;2020;luty;29;sobota;0,0000;1,0000;0,0000; 36; 0
Nepal;2020-03-01;   1;  0; 0;0;   1;  0;   0;  0;2020;marzec; 1;niedziela;0,0000;1,0000;0,0000; 37; 0
Nepal;2020-03-02;   1;  0; 0;0;   1;  0;   0;  0;2020;marzec; 2;poniedziałek;0,0000;1,0000;0,0000; 38; 0
Nepal;2020-03-03;   1;  0; 0;0;   1;  0;   0;  0;2020;marzec; 3;wtorek;0,0000;1,0000;0,0000; 39; 0
Nepal;2020-03-04;   1;  0; 0;0;   1;  0;   0;  0;2020;marzec; 4;środa;0,0000;1,0000;0,0000; 40; 0
Nepal;2020-03-05;   1;  0; 0;0;   1;  0;   0;  0;2020;marzec; 5;czwartek;0,0000;1,0000;0,0000; 41; 0
Nepal;2020-03-06;   1;  0; 0;0;   1;  0;   0;  0;2020;marzec; 6;piątek;0,0000;1,0000;0,0000; 42; 0
Nepal;2020-03-07;   1;  0; 0;0;   1;  0;   0;  0;2020;marzec; 7;sobota;0,0000;1,0000;0,0000; 43; 0
Nepal;2020-03-08;   1;  0; 0;0;   1;  0;   0;  0;2020;marzec; 8;niedziela;0,0000;1,0000;0,0000; 44; 0
Nepal;2020-03-09;   1;  0; 0;0;   1;  0;   0;  0;2020;marzec; 9;poniedziałek;0,0000;1,0000;0,0000; 45; 0
Nepal;2020-03-10;   1;  0; 0;0;   1;  0;   0;  0;2020;marzec;10;wtorek;0,0000;1,0000;0,0000; 46; 0
Nepal;2020-03-11;   1;  0; 0;0;   1;  0;   0;  0;2020;marzec;11;środa;0,0000;1,0000;0,0000; 47; 0
Nepal;2020-03-12;   1;  0; 0;0;   1;  0;   0;  0;2020;marzec;12;czwartek;0,0000;1,0000;0,0000; 48; 0
Nepal;2020-03-13;   1;  0; 0;0;   1;  0;   0;  0;2020;marzec;13;piątek;0,0000;1,0000;0,0000; 49; 0
Nepal;2020-03-14;   1;  0; 0;0;   1;  0;   0;  0;2020;marzec;14;sobota;0,0000;1,0000;0,0000; 50; 0
Nepal;2020-03-15;   1;  0; 0;0;   1;  0;   0;  0;2020;marzec;15;niedziela;0,0000;1,0000;0,0000; 51; 0
Nepal;2020-03-16;   1;  0; 0;0;   1;  0;   0;  0;2020;marzec;16;poniedziałek;0,0000;1,0000;0,0000; 52; 0
Nepal;2020-03-17;   1;  0; 0;0;   1;  0;   0;  0;2020;marzec;17;wtorek;0,0000;1,0000;0,0000; 53; 0
Nepal;2020-03-18;   1;  0; 0;0;   1;  0;   0;  0;2020;marzec;18;środa;0,0000;1,0000;0,0000; 54; 0
Nepal;2020-03-19;   1;  0; 0;0;   1;  0;   0;  0;2020;marzec;19;czwartek;0,0000;1,0000;0,0000; 55; 0
Nepal;2020-03-20;   1;  0; 0;0;   1;  0;   0;  0;2020;marzec;20;piątek;0,0000;1,0000;0,0000; 56; 0
Nepal;2020-03-21;   1;  0; 0;0;   1;  0;   0;  0;2020;marzec;21;sobota;0,0000;1,0000;0,0000; 57; 0
Nepal;2020-03-22;   1;  0; 0;0;   1;  0;   0;  0;2020;marzec;22;niedziela;0,0000;1,0000;0,0000; 58; 0
Nepal;2020-03-23;   2;  1; 0;0;   1;  0;   1;  1;2020;marzec;23;poniedziałek;0,0000;0,5000;0,5000; 59; 0
Nepal;2020-03-24;   2;  0; 0;0;   1;  0;   1;  0;2020;marzec;24;wtorek;0,0000;0,5000;0,5000; 60; 0
Nepal;2020-03-25;   3;  1; 0;0;   1;  0;   2;  1;2020;marzec;25;środa;0,0000;0,3333;0,6667; 61; 0
Nepal;2020-03-26;   3;  0; 0;0;   1;  0;   2;  0;2020;marzec;26;czwartek;0,0000;0,3333;0,6667; 62; 0
Nepal;2020-03-27;   4;  1; 0;0;   1;  0;   3;  1;2020;marzec;27;piątek;0,0000;0,2500;0,7500; 63; 0
Nepal;2020-03-28;   5;  1; 0;0;   1;  0;   4;  1;2020;marzec;28;sobota;0,0000;0,2000;0,8000; 64; 0
Nepal;2020-03-29;   5;  0; 0;0;   1;  0;   4;  0;2020;marzec;29;niedziela;0,0000;0,2000;0,8000; 65; 0
Nepal;2020-03-30;   5;  0; 0;0;   1;  0;   4;  0;2020;marzec;30;poniedziałek;0,0000;0,2000;0,8000; 66; 0
Nepal;2020-03-31;   5;  0; 0;0;   1;  0;   4;  0;2020;marzec;31;wtorek;0,0000;0,2000;0,8000; 67; 0
Nepal;2020-04-01;   5;  0; 0;0;   1;  0;   4;  0;2020;kwiecień; 1;środa;0,0000;0,2000;0,8000; 68; 0
Nepal;2020-04-02;   6;  1; 0;0;   1;  0;   5;  1;2020;kwiecień; 2;czwartek;0,0000;0,1667;0,8333; 69; 0
Nepal;2020-04-03;   6;  0; 0;0;   1;  0;   5;  0;2020;kwiecień; 3;piątek;0,0000;0,1667;0,8333; 70; 0
Nepal;2020-04-04;   9;  3; 0;0;   1;  0;   8;  3;2020;kwiecień; 4;sobota;0,0000;0,1111;0,8889; 71; 0
Nepal;2020-04-05;   9;  0; 0;0;   1;  0;   8;  0;2020;kwiecień; 5;niedziela;0,0000;0,1111;0,8889; 72; 0
Nepal;2020-04-06;   9;  0; 0;0;   1;  0;   8;  0;2020;kwiecień; 6;poniedziałek;0,0000;0,1111;0,8889; 73; 0
Nepal;2020-04-07;   9;  0; 0;0;   1;  0;   8;  0;2020;kwiecień; 7;wtorek;0,0000;0,1111;0,8889; 74; 0
Nepal;2020-04-08;   9;  0; 0;0;   1;  0;   8;  0;2020;kwiecień; 8;środa;0,0000;0,1111;0,8889; 75; 0
Nepal;2020-04-09;   9;  0; 0;0;   1;  0;   8;  0;2020;kwiecień; 9;czwartek;0,0000;0,1111;0,8889; 76; 0
Nepal;2020-04-10;   9;  0; 0;0;   1;  0;   8;  0;2020;kwiecień;10;piątek;0,0000;0,1111;0,8889; 77; 0
Nepal;2020-04-11;   9;  0; 0;0;   1;  0;   8;  0;2020;kwiecień;11;sobota;0,0000;0,1111;0,8889; 78; 0
Nepal;2020-04-12;  12;  3; 0;0;   1;  0;  11;  3;2020;kwiecień;12;niedziela;0,0000;0,0833;0,9167; 79; 0
Nepal;2020-04-13;  14;  2; 0;0;   1;  0;  13;  2;2020;kwiecień;13;poniedziałek;0,0000;0,0714;0,9286; 80; 0
Nepal;2020-04-14;  16;  2; 0;0;   1;  0;  15;  2;2020;kwiecień;14;wtorek;0,0000;0,0625;0,9375; 81; 0
Nepal;2020-04-15;  16;  0; 0;0;   1;  0;  15;  0;2020;kwiecień;15;środa;0,0000;0,0625;0,9375; 82; 0
Nepal;2020-04-16;  16;  0; 0;0;   2;  1;  14; -1;2020;kwiecień;16;czwartek;0,0000;0,1250;0,8750; 83; 0
Nepal;2020-04-17;  30; 14; 0;0;   2;  0;  28; 14;2020;kwiecień;17;piątek;0,0000;0,0667;0,9333; 84; 0
Nepal;2020-04-18;  31;  1; 0;0;   2;  0;  29;  1;2020;kwiecień;18;sobota;0,0000;0,0645;0,9355; 85; 0
Nepal;2020-04-19;  31;  0; 0;0;   4;  2;  27; -2;2020;kwiecień;19;niedziela;0,0000;0,1290;0,8710; 86; 0
Nepal;2020-04-20;  31;  0; 0;0;   4;  0;  27;  0;2020;kwiecień;20;poniedziałek;0,0000;0,1290;0,8710; 87; 0
Nepal;2020-04-21;  43; 12; 0;0;   4;  0;  39; 12;2020;kwiecień;21;wtorek;0,0000;0,0930;0,9070; 88; 0
Nepal;2020-04-22;  45;  2; 0;0;   7;  3;  38; -1;2020;kwiecień;22;środa;0,0000;0,1556;0,8444; 89; 0
Nepal;2020-04-23;  48;  3; 0;0;  10;  3;  38;  0;2020;kwiecień;23;czwartek;0,0000;0,2083;0,7917; 90; 0
Nepal;2020-04-24;  49;  1; 0;0;  11;  1;  38;  0;2020;kwiecień;24;piątek;0,0000;0,2245;0,7755; 91; 0
Nepal;2020-04-25;  49;  0; 0;0;  12;  1;  37; -1;2020;kwiecień;25;sobota;0,0000;0,2449;0,7551; 92; 0
Nepal;2020-04-26;  52;  3; 0;0;  16;  4;  36; -1;2020;kwiecień;26;niedziela;0,0000;0,3077;0,6923; 93; 0
Nepal;2020-04-27;  52;  0; 0;0;  16;  0;  36;  0;2020;kwiecień;27;poniedziałek;0,0000;0,3077;0,6923; 94; 0
Nepal;2020-04-28;  54;  2; 0;0;  16;  0;  38;  2;2020;kwiecień;28;wtorek;0,0000;0,2963;0,7037; 95; 0
Nepal;2020-04-29;  57;  3; 0;0;  16;  0;  41;  3;2020;kwiecień;29;środa;0,0000;0,2807;0,7193; 96; 0
Nepal;2020-04-30;  57;  0; 0;0;  16;  0;  41;  0;2020;kwiecień;30;czwartek;0,0000;0,2807;0,7193; 97; 0
Nepal;2020-05-01;  59;  2; 0;0;  16;  0;  43;  2;2020;maj; 1;piątek;0,0000;0,2712;0,7288; 98; 0
Nepal;2020-05-02;  59;  0; 0;0;  16;  0;  43;  0;2020;maj; 2;sobota;0,0000;0,2712;0,7288; 99; 0
Nepal;2020-05-03;  75; 16; 0;0;  16;  0;  59; 16;2020;maj; 3;niedziela;0,0000;0,2133;0,7867;100; 0
Nepal;2020-05-04;  75;  0; 0;0;  16;  0;  59;  0;2020;maj; 4;poniedziałek;0,0000;0,2133;0,7867;101; 0
Nepal;2020-05-05;  82;  7; 0;0;  16;  0;  66;  7;2020;maj; 5;wtorek;0,0000;0,1951;0,8049;102; 0
Nepal;2020-05-06;  99; 17; 0;0;  22;  6;  77; 11;2020;maj; 6;środa;0,0000;0,2222;0,7778;103; 0
Nepal;2020-05-07; 101;  2; 0;0;  22;  0;  79;  2;2020;maj; 7;czwartek;0,0000;0,2178;0,7822;104; 1
Nepal;2020-05-08; 102;  1; 0;0;  31;  9;  71; -8;2020;maj; 8;piątek;0,0000;0,3039;0,6961;105; 2
Nepal;2020-05-09; 110;  8; 0;0;  31;  0;  79;  8;2020;maj; 9;sobota;0,0000;0,2818;0,7182;106; 3
Nepal;2020-05-10; 110;  0; 0;0;  31;  0;  79;  0;2020;maj;10;niedziela;0,0000;0,2818;0,7182;107; 4
Nepal;2020-05-11; 134; 24; 0;0;  33;  2; 101; 22;2020;maj;11;poniedziałek;0,0000;0,2463;0,7537;108; 5
Nepal;2020-05-12; 217; 83; 0;0;  33;  0; 184; 83;2020;maj;12;wtorek;0,0000;0,1521;0,8479;109; 6
Nepal;2020-05-13; 250; 33; 0;0;  35;  2; 215; 31;2020;maj;13;środa;0,0000;0,1400;0,8600;110; 7
Nepal;2020-05-14; 249; -1; 0;0;  35;  0; 214; -1;2020;maj;14;czwartek;0,0000;0,1406;0,8594;111; 8
Nepal;2020-05-15; 267; 18; 0;0;  36;  1; 231; 17;2020;maj;15;piątek;0,0000;0,1348;0,8652;112; 9
Nepal;2020-05-16; 291; 24; 1;1;  36;  0; 254; 23;2020;maj;16;sobota;0,0034;0,1237;0,8729;113;10
Nepal;2020-05-17; 295;  4; 2;1;  36;  0; 257;  3;2020;maj;17;niedziela;0,0068;0,1220;0,8712;114;11
Nepal;2020-05-18; 375; 80; 2;0;  36;  0; 337; 80;2020;maj;18;poniedziałek;0,0053;0,0960;0,8987;115;12
Nepal;2020-05-19; 402; 27; 2;0;  37;  1; 363; 26;2020;maj;19;wtorek;0,0050;0,0920;0,9030;116;13
Nepal;2020-05-20; 427; 25; 2;0;  45;  8; 380; 17;2020;maj;20;środa;0,0047;0,1054;0,8899;117;14
Nepal;2020-05-21; 457; 30; 3;1;  49;  4; 405; 25;2020;maj;21;czwartek;0,0066;0,1072;0,8862;118;15
Nepal;2020-05-22; 516; 59; 3;0;  70; 21; 443; 38;2020;maj;22;piątek;0,0058;0,1357;0,8585;119;16
Nepal;2020-05-23; 584; 68; 3;0;  70;  0; 511; 68;2020;maj;23;sobota;0,0051;0,1199;0,8750;120;17
Nepal;2020-05-24; 603; 19; 3;0;  87; 17; 513;  2;2020;maj;24;niedziela;0,0050;0,1443;0,8507;121;18
Nepal;2020-05-25; 682; 79; 4;1; 112; 25; 566; 53;2020;maj;25;poniedziałek;0,0059;0,1642;0,8299;122;19
Nepal;2020-05-26; 772; 90; 4;0; 155; 43; 613; 47;2020;maj;26;wtorek;0,0052;0,2008;0,7940;123;20
Nepal;2020-05-27; 886;114; 4;0; 183; 28; 699; 86;2020;maj;27;środa;0,0045;0,2065;0,7889;124;21
Nepal;2020-05-28;1042;156; 5;1; 187;  4; 850;151;2020;maj;28;czwartek;0,0048;0,1795;0,8157;125;22
Nepal;2020-05-29;1212;170; 6;1; 206; 19;1000;150;2020;maj;29;piątek;0,0050;0,1700;0,8251;126;23
Nepal;2020-05-30;1401;189; 6;0; 219; 13;1176;176;2020;maj;30;sobota;0,0043;0,1563;0,8394;127;24
Nepal;2020-05-31;1572;171; 8;2; 220;  1;1344;168;2020;maj;31;niedziela;0,0051;0,1399;0,8550;128;25
Nepal;2020-06-01;1811;239; 8;0; 221;  1;1582;238;2020;czerwiec; 1;poniedziałek;0,0044;0,1220;0,8736;129;26
Nepal;2020-06-02;2099;288; 8;0; 266; 45;1825;243;2020;czerwiec; 2;wtorek;0,0038;0,1267;0,8695;130;27
Nepal;2020-06-03;2300;201; 9;1; 278; 12;2013;188;2020;czerwiec; 3;środa;0,0039;0,1209;0,8752;131;28
Nepal;2020-06-04;2634;334;10;1; 290; 12;2334;321;2020;czerwiec; 4;czwartek;0,0038;0,1101;0,8861;132;29
Nepal;2020-06-05;2912;278;11;1; 333; 43;2568;234;2020;czerwiec; 5;piątek;0,0038;0,1144;0,8819;133;30
Nepal;2020-06-06;3235;323;13;2; 365; 32;2857;289;2020;czerwiec; 6;sobota;0,0040;0,1128;0,8832;134;31
Nepal;2020-06-07;3448;213;13;0; 467;102;2968;111;2020;czerwiec; 7;niedziela;0,0038;0,1354;0,8608;135;32
Nepal;2020-06-08;3762;314;14;1; 488; 21;3260;292;2020;czerwiec; 8;poniedziałek;0,0037;0,1297;0,8666;136;33
Nepal;2020-06-09;4086;324;15;1; 584; 96;3487;227;2020;czerwiec; 9;wtorek;0,0037;0,1429;0,8534;137;34
Nepal;2020-06-10;4364;278;15;0; 674; 90;3675;188;2020;czerwiec;10;środa;0,0034;0,1544;0,8421;138;35
Nepal;2020-06-11;4614;250;15;0; 861;187;3738; 63;2020;czerwiec;11;czwartek;0,0033;0,1866;0,8101;139;36
Nepal;2020-06-12;5062;448;16;1; 877; 16;4169;431;2020;czerwiec;12;piątek;0,0032;0,1733;0,8236;140;37
Nepal;2020-06-13;5335;273;18;2; 913; 36;4404;235;2020;czerwiec;13;sobota;0,0034;0,1711;0,8255;141;38
Nepal;2020-06-14;5760;425;19;1; 974; 61;4767;363;2020;czerwiec;14;niedziela;0,0033;0,1691;0,8276;142;39
Nepal;2020-06-15;6211;451;19;0;1041; 67;5151;384;2020;czerwiec;15;poniedziałek;0,0031;0,1676;0,8293;143;40
Nepal;2020-06-16;6591;380;19;0;1158;117;5414;263;2020;czerwiec;16;wtorek;0,0029;0,1757;0,8214;144;41
