Country;Date;Confirmed;New_Confirmed;Deaths;New_Deaths;Recovered;New_Recovered;Active;New_Active;Year;Month;Day;Week_Day;Deaths_Ratio;Recovered_Ratio;Active_Ratio;Day_Since_1st_Confirmed;Day_Since_100st_Confirmed
Oman;2020-02-24;    2;   2;  0; 0;    0;   0;    2;   2;2020;luty;24;poniedziałek;0,0000;0,0000;1,0000;  1;  0
Oman;2020-02-25;    2;   0;  0; 0;    0;   0;    2;   0;2020;luty;25;wtorek;0,0000;0,0000;1,0000;  2;  0
Oman;2020-02-26;    4;   2;  0; 0;    0;   0;    4;   2;2020;luty;26;środa;0,0000;0,0000;1,0000;  3;  0
Oman;2020-02-27;    4;   0;  0; 0;    0;   0;    4;   0;2020;luty;27;czwartek;0,0000;0,0000;1,0000;  4;  0
Oman;2020-02-28;    4;   0;  0; 0;    0;   0;    4;   0;2020;luty;28;piątek;0,0000;0,0000;1,0000;  5;  0
Oman;2020-02-29;    6;   2;  0; 0;    1;   1;    5;   1;2020;luty;29;sobota;0,0000;0,1667;0,8333;  6;  0
Oman;2020-03-01;    6;   0;  0; 0;    1;   0;    5;   0;2020;marzec; 1;niedziela;0,0000;0,1667;0,8333;  7;  0
Oman;2020-03-02;    6;   0;  0; 0;    1;   0;    5;   0;2020;marzec; 2;poniedziałek;0,0000;0,1667;0,8333;  8;  0
Oman;2020-03-03;   12;   6;  0; 0;    2;   1;   10;   5;2020;marzec; 3;wtorek;0,0000;0,1667;0,8333;  9;  0
Oman;2020-03-04;   15;   3;  0; 0;    2;   0;   13;   3;2020;marzec; 4;środa;0,0000;0,1333;0,8667; 10;  0
Oman;2020-03-05;   16;   1;  0; 0;    2;   0;   14;   1;2020;marzec; 5;czwartek;0,0000;0,1250;0,8750; 11;  0
Oman;2020-03-06;   16;   0;  0; 0;    2;   0;   14;   0;2020;marzec; 6;piątek;0,0000;0,1250;0,8750; 12;  0
Oman;2020-03-07;   16;   0;  0; 0;    2;   0;   14;   0;2020;marzec; 7;sobota;0,0000;0,1250;0,8750; 13;  0
Oman;2020-03-08;   16;   0;  0; 0;    2;   0;   14;   0;2020;marzec; 8;niedziela;0,0000;0,1250;0,8750; 14;  0
Oman;2020-03-09;   16;   0;  0; 0;    2;   0;   14;   0;2020;marzec; 9;poniedziałek;0,0000;0,1250;0,8750; 15;  0
Oman;2020-03-10;   18;   2;  0; 0;    9;   7;    9;  -5;2020;marzec;10;wtorek;0,0000;0,5000;0,5000; 16;  0
Oman;2020-03-11;   18;   0;  0; 0;    9;   0;    9;   0;2020;marzec;11;środa;0,0000;0,5000;0,5000; 17;  0
Oman;2020-03-12;   18;   0;  0; 0;    9;   0;    9;   0;2020;marzec;12;czwartek;0,0000;0,5000;0,5000; 18;  0
Oman;2020-03-13;   19;   1;  0; 0;    9;   0;   10;   1;2020;marzec;13;piątek;0,0000;0,4737;0,5263; 19;  0
Oman;2020-03-14;   19;   0;  0; 0;    9;   0;   10;   0;2020;marzec;14;sobota;0,0000;0,4737;0,5263; 20;  0
Oman;2020-03-15;   22;   3;  0; 0;    9;   0;   13;   3;2020;marzec;15;niedziela;0,0000;0,4091;0,5909; 21;  0
Oman;2020-03-16;   22;   0;  0; 0;    9;   0;   13;   0;2020;marzec;16;poniedziałek;0,0000;0,4091;0,5909; 22;  0
Oman;2020-03-17;   24;   2;  0; 0;    9;   0;   15;   2;2020;marzec;17;wtorek;0,0000;0,3750;0,6250; 23;  0
Oman;2020-03-18;   39;  15;  0; 0;   12;   3;   27;  12;2020;marzec;18;środa;0,0000;0,3077;0,6923; 24;  0
Oman;2020-03-19;   48;   9;  0; 0;   12;   0;   36;   9;2020;marzec;19;czwartek;0,0000;0,2500;0,7500; 25;  0
Oman;2020-03-20;   48;   0;  0; 0;   12;   0;   36;   0;2020;marzec;20;piątek;0,0000;0,2500;0,7500; 26;  0
Oman;2020-03-21;   52;   4;  0; 0;   12;   0;   40;   4;2020;marzec;21;sobota;0,0000;0,2308;0,7692; 27;  0
Oman;2020-03-22;   55;   3;  0; 0;   17;   5;   38;  -2;2020;marzec;22;niedziela;0,0000;0,3091;0,6909; 28;  0
Oman;2020-03-23;   66;  11;  0; 0;   17;   0;   49;  11;2020;marzec;23;poniedziałek;0,0000;0,2576;0,7424; 29;  0
Oman;2020-03-24;   84;  18;  0; 0;   17;   0;   67;  18;2020;marzec;24;wtorek;0,0000;0,2024;0,7976; 30;  0
Oman;2020-03-25;   99;  15;  0; 0;   17;   0;   82;  15;2020;marzec;25;środa;0,0000;0,1717;0,8283; 31;  0
Oman;2020-03-26;  109;  10;  0; 0;   23;   6;   86;   4;2020;marzec;26;czwartek;0,0000;0,2110;0,7890; 32;  1
Oman;2020-03-27;  131;  22;  0; 0;   23;   0;  108;  22;2020;marzec;27;piątek;0,0000;0,1756;0,8244; 33;  2
Oman;2020-03-28;  152;  21;  0; 0;   23;   0;  129;  21;2020;marzec;28;sobota;0,0000;0,1513;0,8487; 34;  3
Oman;2020-03-29;  167;  15;  0; 0;   23;   0;  144;  15;2020;marzec;29;niedziela;0,0000;0,1377;0,8623; 35;  4
Oman;2020-03-30;  179;  12;  0; 0;   29;   6;  150;   6;2020;marzec;30;poniedziałek;0,0000;0,1620;0,8380; 36;  5
Oman;2020-03-31;  192;  13;  1; 1;   34;   5;  157;   7;2020;marzec;31;wtorek;0,0052;0,1771;0,8177; 37;  6
Oman;2020-04-01;  210;  18;  1; 0;   34;   0;  175;  18;2020;kwiecień; 1;środa;0,0048;0,1619;0,8333; 38;  7
Oman;2020-04-02;  231;  21;  1; 0;   57;  23;  173;  -2;2020;kwiecień; 2;czwartek;0,0043;0,2468;0,7489; 39;  8
Oman;2020-04-03;  252;  21;  1; 0;   57;   0;  194;  21;2020;kwiecień; 3;piątek;0,0040;0,2262;0,7698; 40;  9
Oman;2020-04-04;  277;  25;  2; 1;   61;   4;  214;  20;2020;kwiecień; 4;sobota;0,0072;0,2202;0,7726; 41; 10
Oman;2020-04-05;  298;  21;  2; 0;   61;   0;  235;  21;2020;kwiecień; 5;niedziela;0,0067;0,2047;0,7886; 42; 11
Oman;2020-04-06;  331;  33;  2; 0;   61;   0;  268;  33;2020;kwiecień; 6;poniedziałek;0,0060;0,1843;0,8097; 43; 12
Oman;2020-04-07;  371;  40;  2; 0;   67;   6;  302;  34;2020;kwiecień; 7;wtorek;0,0054;0,1806;0,8140; 44; 13
Oman;2020-04-08;  419;  48;  2; 0;   72;   5;  345;  43;2020;kwiecień; 8;środa;0,0048;0,1718;0,8234; 45; 14
Oman;2020-04-09;  457;  38;  3; 1;  109;  37;  345;   0;2020;kwiecień; 9;czwartek;0,0066;0,2385;0,7549; 46; 15
Oman;2020-04-10;  484;  27;  3; 0;  109;   0;  372;  27;2020;kwiecień;10;piątek;0,0062;0,2252;0,7686; 47; 16
Oman;2020-04-11;  546;  62;  3; 0;  109;   0;  434;  62;2020;kwiecień;11;sobota;0,0055;0,1996;0,7949; 48; 17
Oman;2020-04-12;  599;  53;  4; 1;  109;   0;  486;  52;2020;kwiecień;12;niedziela;0,0067;0,1820;0,8114; 49; 18
Oman;2020-04-13;  727; 128;  4; 0;  124;  15;  599; 113;2020;kwiecień;13;poniedziałek;0,0055;0,1706;0,8239; 50; 19
Oman;2020-04-14;  813;  86;  4; 0;  130;   6;  679;  80;2020;kwiecień;14;wtorek;0,0049;0,1599;0,8352; 51; 20
Oman;2020-04-15;  910;  97;  4; 0;  131;   1;  775;  96;2020;kwiecień;15;środa;0,0044;0,1440;0,8516; 52; 21
Oman;2020-04-16; 1019; 109;  4; 0;  176;  45;  839;  64;2020;kwiecień;16;czwartek;0,0039;0,1727;0,8234; 53; 22
Oman;2020-04-17; 1069;  50;  6; 2;  176;   0;  887;  48;2020;kwiecień;17;piątek;0,0056;0,1646;0,8297; 54; 23
Oman;2020-04-18; 1180; 111;  6; 0;  176;   0;  998; 111;2020;kwiecień;18;sobota;0,0051;0,1492;0,8458; 55; 24
Oman;2020-04-19; 1266;  86;  7; 1;  233;  57; 1026;  28;2020;kwiecień;19;niedziela;0,0055;0,1840;0,8104; 56; 25
Oman;2020-04-20; 1410; 144;  7; 0;  238;   5; 1165; 139;2020;kwiecień;20;poniedziałek;0,0050;0,1688;0,8262; 57; 26
Oman;2020-04-21; 1508;  98;  8; 1;  238;   0; 1262;  97;2020;kwiecień;21;wtorek;0,0053;0,1578;0,8369; 58; 27
Oman;2020-04-22; 1614; 106;  8; 0;  238;   0; 1368; 106;2020;kwiecień;22;środa;0,0050;0,1475;0,8476; 59; 28
Oman;2020-04-23; 1716; 102;  9; 1;  307;  69; 1400;  32;2020;kwiecień;23;czwartek;0,0052;0,1789;0,8159; 60; 29
Oman;2020-04-24; 1790;  74; 10; 1;  325;  18; 1455;  55;2020;kwiecień;24;piątek;0,0056;0,1816;0,8128; 61; 30
Oman;2020-04-25; 1905; 115; 10; 0;  329;   4; 1566; 111;2020;kwiecień;25;sobota;0,0052;0,1727;0,8220; 62; 31
Oman;2020-04-26; 1998;  93; 10; 0;  333;   4; 1655;  89;2020;kwiecień;26;niedziela;0,0050;0,1667;0,8283; 63; 32
Oman;2020-04-27; 2049;  51; 10; 0;  364;  31; 1675;  20;2020;kwiecień;27;poniedziałek;0,0049;0,1776;0,8175; 64; 33
Oman;2020-04-28; 2131;  82; 10; 0;  364;   0; 1757;  82;2020;kwiecień;28;wtorek;0,0047;0,1708;0,8245; 65; 34
Oman;2020-04-29; 2274; 143; 10; 0;  364;   0; 1900; 143;2020;kwiecień;29;środa;0,0044;0,1601;0,8355; 66; 35
Oman;2020-04-30; 2348;  74; 11; 1;  495; 131; 1842; -58;2020;kwiecień;30;czwartek;0,0047;0,2108;0,7845; 67; 36
Oman;2020-05-01; 2447;  99; 11; 0;  495;   0; 1941;  99;2020;maj; 1;piątek;0,0045;0,2023;0,7932; 68; 37
Oman;2020-05-02; 2483;  36; 12; 1;  750; 255; 1721;-220;2020;maj; 2;sobota;0,0048;0,3021;0,6931; 69; 38
Oman;2020-05-03; 2568;  85; 12; 0;  750;   0; 1806;  85;2020;maj; 3;niedziela;0,0047;0,2921;0,7033; 70; 39
Oman;2020-05-04; 2637;  69; 12; 0;  816;  66; 1809;   3;2020;maj; 4;poniedziałek;0,0046;0,3094;0,6860; 71; 40
Oman;2020-05-05; 2735;  98; 13; 1;  858;  42; 1864;  55;2020;maj; 5;wtorek;0,0048;0,3137;0,6815; 72; 41
Oman;2020-05-06; 2903; 168; 13; 0;  888;  30; 2002; 138;2020;maj; 6;środa;0,0045;0,3059;0,6896; 73; 42
Oman;2020-05-07; 2958;  55; 15; 2;  980;  92; 1963; -39;2020;maj; 7;czwartek;0,0051;0,3313;0,6636; 74; 43
Oman;2020-05-08; 3112; 154; 16; 1; 1025;  45; 2071; 108;2020;maj; 8;piątek;0,0051;0,3294;0,6655; 75; 44
Oman;2020-05-09; 3224; 112; 17; 1; 1068;  43; 2139;  68;2020;maj; 9;sobota;0,0053;0,3313;0,6635; 76; 45
Oman;2020-05-10; 3399; 175; 17; 0; 1117;  49; 2265; 126;2020;maj;10;niedziela;0,0050;0,3286;0,6664; 77; 46
Oman;2020-05-11; 3573; 174; 17; 0; 1250; 133; 2306;  41;2020;maj;11;poniedziałek;0,0048;0,3498;0,6454; 78; 47
Oman;2020-05-12; 3721; 148; 17; 0; 1250;   0; 2454; 148;2020;maj;12;wtorek;0,0046;0,3359;0,6595; 79; 48
Oman;2020-05-13; 4019; 298; 17; 0; 1289;  39; 2713; 259;2020;maj;13;środa;0,0042;0,3207;0,6750; 80; 49
Oman;2020-05-14; 4341; 322; 18; 1; 1303;  14; 3020; 307;2020;maj;14;czwartek;0,0041;0,3002;0,6957; 81; 50
Oman;2020-05-15; 4625; 284; 20; 2; 1350;  47; 3255; 235;2020;maj;15;piątek;0,0043;0,2919;0,7038; 82; 51
Oman;2020-05-16; 5029; 404; 21; 1; 1436;  86; 3572; 317;2020;maj;16;sobota;0,0042;0,2855;0,7103; 83; 52
Oman;2020-05-17; 5186; 157; 22; 1; 1465;  29; 3699; 127;2020;maj;17;niedziela;0,0042;0,2825;0,7133; 84; 53
Oman;2020-05-18; 5379; 193; 25; 3; 1496;  31; 3858; 159;2020;maj;18;poniedziałek;0,0046;0,2781;0,7172; 85; 54
Oman;2020-05-19; 5671; 292; 27; 2; 1574;  78; 4070; 212;2020;maj;19;wtorek;0,0048;0,2776;0,7177; 86; 55
Oman;2020-05-20; 6043; 372; 30; 3; 1661;  87; 4352; 282;2020;maj;20;środa;0,0050;0,2749;0,7202; 87; 56
Oman;2020-05-21; 6370; 327; 31; 1; 1821; 160; 4518; 166;2020;maj;21;czwartek;0,0049;0,2859;0,7093; 88; 57
Oman;2020-05-22; 6794; 424; 34; 3; 1821;   0; 4939; 421;2020;maj;22;piątek;0,0050;0,2680;0,7270; 89; 58
Oman;2020-05-23; 7257; 463; 36; 2; 1848;  27; 5373; 434;2020;maj;23;sobota;0,0050;0,2547;0,7404; 90; 59
Oman;2020-05-24; 7770; 513; 37; 1; 1933;  85; 5800; 427;2020;maj;24;niedziela;0,0048;0,2488;0,7465; 91; 60
Oman;2020-05-25; 7770;   0; 37; 0; 1933;   0; 5800;   0;2020;maj;25;poniedziałek;0,0048;0,2488;0,7465; 92; 61
Oman;2020-05-26; 8118; 348; 37; 0; 2067; 134; 6014; 214;2020;maj;26;wtorek;0,0046;0,2546;0,7408; 93; 62
Oman;2020-05-27; 8373; 255; 39; 2; 2177; 110; 6157; 143;2020;maj;27;środa;0,0047;0,2600;0,7353; 94; 63
Oman;2020-05-28; 9009; 636; 40; 1; 2177;   0; 6792; 635;2020;maj;28;czwartek;0,0044;0,2416;0,7539; 95; 64
Oman;2020-05-29; 9820; 811; 40; 0; 2396; 219; 7384; 592;2020;maj;29;piątek;0,0041;0,2440;0,7519; 96; 65
Oman;2020-05-30;10423; 603; 42; 2; 2396;   0; 7985; 601;2020;maj;30;sobota;0,0040;0,2299;0,7661; 97; 66
Oman;2020-05-31;11437;1014; 49; 7; 2682; 286; 8706; 721;2020;maj;31;niedziela;0,0043;0,2345;0,7612; 98; 67
Oman;2020-06-01;12223; 786; 50; 1; 2682;   0; 9491; 785;2020;czerwiec; 1;poniedziałek;0,0041;0,2194;0,7765; 99; 68
Oman;2020-06-02;12799; 576; 59; 9; 2812; 130; 9928; 437;2020;czerwiec; 2;wtorek;0,0046;0,2197;0,7757;100; 69
Oman;2020-06-03;13537; 738; 67; 8; 2845;  33;10625; 697;2020;czerwiec; 3;środa;0,0049;0,2102;0,7849;101; 70
Oman;2020-06-04;14316; 779; 67; 0; 3451; 606;10798; 173;2020;czerwiec; 4;czwartek;0,0047;0,2411;0,7543;102; 71
Oman;2020-06-05;15086; 770; 72; 5; 3451;   0;11563; 765;2020;czerwiec; 5;piątek;0,0048;0,2288;0,7665;103; 72
Oman;2020-06-06;16016; 930; 72; 0; 3451;   0;12493; 930;2020;czerwiec; 6;sobota;0,0045;0,2155;0,7800;104; 73
Oman;2020-06-07;16882; 866; 75; 3; 3451;   0;13356; 863;2020;czerwiec; 7;niedziela;0,0044;0,2044;0,7911;105; 74
Oman;2020-06-08;17486; 604; 81; 6; 3793; 342;13612; 256;2020;czerwiec; 8;poniedziałek;0,0046;0,2169;0,7785;106; 75
Oman;2020-06-09;18198; 712; 83; 2; 4152; 359;13963; 351;2020;czerwiec; 9;wtorek;0,0046;0,2282;0,7673;107; 76
Oman;2020-06-10;18887; 689; 84; 1; 5640;1488;13163;-800;2020;czerwiec;10;środa;0,0044;0,2986;0,6969;108; 77
Oman;2020-06-11;19954;1067; 89; 5; 6623; 983;13242;  79;2020;czerwiec;11;czwartek;0,0045;0,3319;0,6636;109; 78
Oman;2020-06-12;21071;1117; 96; 7; 7489; 866;13486; 244;2020;czerwiec;12;piątek;0,0046;0,3554;0,6400;110; 79
Oman;2020-06-13;22077;1006; 99; 3; 7530;  41;14448; 962;2020;czerwiec;13;sobota;0,0045;0,3411;0,6544;111; 80
Oman;2020-06-14;23481;1404;104; 5; 8454; 924;14923; 475;2020;czerwiec;14;niedziela;0,0044;0,3600;0,6355;112; 81
Oman;2020-06-15;24524;1043;108; 4; 9533;1079;14883; -40;2020;czerwiec;15;poniedziałek;0,0044;0,3887;0,6069;113; 82
Oman;2020-06-16;25269; 745;114; 6;11089;1556;14066;-817;2020;czerwiec;16;wtorek;0,0045;0,4388;0,5567;114; 83
Oman;2020-06-17;26079; 810;116; 2;11797; 708;14166; 100;2020;czerwiec;17;środa;0,0044;0,4524;0,5432;115; 84
Oman;2020-06-18;26818; 739;119; 3;13264;1467;13435;-731;2020;czerwiec;18;czwartek;0,0044;0,4946;0,5010;116; 85
Oman;2020-06-19;27670; 852;125; 6;13974; 710;13571; 136;2020;czerwiec;19;piątek;0,0045;0,5050;0,4905;117; 86
Oman;2020-06-20;28566; 896;128; 3;14780; 806;13658;  87;2020;czerwiec;20;sobota;0,0045;0,5174;0,4781;118; 87
Oman;2020-06-21;29471; 905;131; 3;15552; 772;13788; 130;2020;czerwiec;21;niedziela;0,0044;0,5277;0,4678;119; 88
Oman;2020-06-22;31076;1605;137; 6;16408; 856;14531; 743;2020;czerwiec;22;poniedziałek;0,0044;0,5280;0,4676;120; 89
Oman;2020-06-23;32394;1318;140; 3;17279; 871;14975; 444;2020;czerwiec;23;wtorek;0,0043;0,5334;0,4623;121; 90
Oman;2020-06-24;33536;1142;142; 2;17972; 693;15422; 447;2020;czerwiec;24;środa;0,0042;0,5359;0,4599;122; 91
Oman;2020-06-25;34902;1366;144; 2;18520; 548;16238; 816;2020;czerwiec;25;czwartek;0,0041;0,5306;0,4652;123; 92
Oman;2020-06-26;36034;1132;153; 9;19482; 962;16399; 161;2020;czerwiec;26;piątek;0,0042;0,5407;0,4551;124; 93
Oman;2020-06-27;36953; 919;159; 6;20363; 881;16431;  32;2020;czerwiec;27;sobota;0,0043;0,5511;0,4446;125; 94
Oman;2020-06-28;38150;1197;163; 4;21200; 837;16787; 356;2020;czerwiec;28;niedziela;0,0043;0,5557;0,4400;126; 95
Oman;2020-06-29;39060; 910;169; 6;22422;1222;16469;-318;2020;czerwiec;29;poniedziałek;0,0043;0,5740;0,4216;127; 96
Oman;2020-06-30;40070;1010;176; 7;23425;1003;16469;   0;2020;czerwiec;30;wtorek;0,0044;0,5846;0,4110;128; 97
Oman;2020-07-01;41194;1124;185; 9;24162; 737;16847; 378;2020;lipiec; 1;środa;0,0045;0,5865;0,4090;129; 98
Oman;2020-07-02;42555;1361;188; 3;25318;1156;17049; 202;2020;lipiec; 2;czwartek;0,0044;0,5949;0,4006;130; 99
Oman;2020-07-03;43929;1374;193; 5;26169; 851;17567; 518;2020;lipiec; 3;piątek;0,0044;0,5957;0,3999;131;100
Oman;2020-07-04;45106;1177;203;10;26968; 799;17935; 368;2020;lipiec; 4;sobota;0,0045;0,5979;0,3976;132;101
Oman;2020-07-05;46178;1072;213;10;27917; 949;18048; 113;2020;lipiec; 5;niedziela;0,0046;0,6046;0,3908;133;102
Oman;2020-07-06;47735;1557;218; 5;29146;1229;18371; 323;2020;lipiec; 6;poniedziałek;0,0046;0,6106;0,3849;134;103
Oman;2020-07-07;48997;1262;224; 6;31000;1854;17773;-598;2020;lipiec; 7;wtorek;0,0046;0,6327;0,3627;135;104
Oman;2020-07-08;50207;1210;233; 9;32005;1005;17969; 196;2020;lipiec; 8;środa;0,0046;0,6375;0,3579;136;105
Oman;2020-07-09;51725;1518;236; 3;33021;1016;18468; 499;2020;lipiec; 9;czwartek;0,0046;0,6384;0,3570;137;106
Oman;2020-07-10;53614;1889;244; 8;34225;1204;19145; 677;2020;lipiec;10;piątek;0,0046;0,6384;0,3571;138;107
Oman;2020-07-11;54697;1083;248; 4;35255;1030;19194;  49;2020;lipiec;11;sobota;0,0045;0,6446;0,3509;139;108
Oman;2020-07-12;56015;1318;257; 9;36098; 843;19660; 466;2020;lipiec;12;niedziela;0,0046;0,6444;0,3510;140;109
Oman;2020-07-13;58179;2164;259; 2;37257;1159;20663;1003;2020;lipiec;13;poniedziałek;0,0045;0,6404;0,3552;141;110
Oman;2020-07-14;59568;1389;273;14;37987; 730;21308; 645;2020;lipiec;14;wtorek;0,0046;0,6377;0,3577;142;111
