Country;Date;Confirmed;New_Confirmed;Deaths;New_Deaths;Recovered;New_Recovered;Active;New_Active;Year;Month;Day;Week_Day;Deaths_Ratio;Recovered_Ratio;Active_Ratio;Day_Since_1st_Confirmed;Day_Since_100st_Confirmed
Pakistan;2020-02-25;     2;    2;   0;  0;     0;    0;     2;    2;2020;luty;25;wtorek;0,0000;0,0000;1,0000;  1;  0
Pakistan;2020-02-26;     2;    0;   0;  0;     0;    0;     2;    0;2020;luty;26;środa;0,0000;0,0000;1,0000;  2;  0
Pakistan;2020-02-27;     2;    0;   0;  0;     0;    0;     2;    0;2020;luty;27;czwartek;0,0000;0,0000;1,0000;  3;  0
Pakistan;2020-02-28;     4;    2;   0;  0;     0;    0;     4;    2;2020;luty;28;piątek;0,0000;0,0000;1,0000;  4;  0
Pakistan;2020-02-29;     4;    0;   0;  0;     0;    0;     4;    0;2020;luty;29;sobota;0,0000;0,0000;1,0000;  5;  0
Pakistan;2020-03-01;     4;    0;   0;  0;     0;    0;     4;    0;2020;marzec; 1;niedziela;0,0000;0,0000;1,0000;  6;  0
Pakistan;2020-03-02;     5;    1;   0;  0;     0;    0;     5;    1;2020;marzec; 2;poniedziałek;0,0000;0,0000;1,0000;  7;  0
Pakistan;2020-03-03;     5;    0;   0;  0;     0;    0;     5;    0;2020;marzec; 3;wtorek;0,0000;0,0000;1,0000;  8;  0
Pakistan;2020-03-04;     5;    0;   0;  0;     0;    0;     5;    0;2020;marzec; 4;środa;0,0000;0,0000;1,0000;  9;  0
Pakistan;2020-03-05;     6;    1;   0;  0;     0;    0;     6;    1;2020;marzec; 5;czwartek;0,0000;0,0000;1,0000; 10;  0
Pakistan;2020-03-06;     6;    0;   0;  0;     0;    0;     6;    0;2020;marzec; 6;piątek;0,0000;0,0000;1,0000; 11;  0
Pakistan;2020-03-07;     6;    0;   0;  0;     1;    1;     5;   -1;2020;marzec; 7;sobota;0,0000;0,1667;0,8333; 12;  0
Pakistan;2020-03-08;     6;    0;   0;  0;     1;    0;     5;    0;2020;marzec; 8;niedziela;0,0000;0,1667;0,8333; 13;  0
Pakistan;2020-03-09;    16;   10;   0;  0;     1;    0;    15;   10;2020;marzec; 9;poniedziałek;0,0000;0,0625;0,9375; 14;  0
Pakistan;2020-03-10;    19;    3;   0;  0;     2;    1;    17;    2;2020;marzec;10;wtorek;0,0000;0,1053;0,8947; 15;  0
Pakistan;2020-03-11;    20;    1;   0;  0;     2;    0;    18;    1;2020;marzec;11;środa;0,0000;0,1000;0,9000; 16;  0
Pakistan;2020-03-12;    28;    8;   0;  0;     2;    0;    26;    8;2020;marzec;12;czwartek;0,0000;0,0714;0,9286; 17;  0
Pakistan;2020-03-13;    31;    3;   0;  0;     2;    0;    29;    3;2020;marzec;13;piątek;0,0000;0,0645;0,9355; 18;  0
Pakistan;2020-03-14;    53;   22;   0;  0;     2;    0;    51;   22;2020;marzec;14;sobota;0,0000;0,0377;0,9623; 19;  0
Pakistan;2020-03-15;   136;   83;   0;  0;     2;    0;   134;   83;2020;marzec;15;niedziela;0,0000;0,0147;0,9853; 20;  1
Pakistan;2020-03-16;   236;  100;   0;  0;     2;    0;   234;  100;2020;marzec;16;poniedziałek;0,0000;0,0085;0,9915; 21;  2
Pakistan;2020-03-17;   299;   63;   0;  0;     2;    0;   297;   63;2020;marzec;17;wtorek;0,0000;0,0067;0,9933; 22;  3
Pakistan;2020-03-18;   454;  155;   2;  2;    13;   11;   439;  142;2020;marzec;18;środa;0,0044;0,0286;0,9670; 23;  4
Pakistan;2020-03-19;   501;   47;   3;  1;    13;    0;   485;   46;2020;marzec;19;czwartek;0,0060;0,0259;0,9681; 24;  5
Pakistan;2020-03-20;   730;  229;   3;  0;    13;    0;   714;  229;2020;marzec;20;piątek;0,0041;0,0178;0,9781; 25;  6
Pakistan;2020-03-21;   776;   46;   5;  2;     5;   -8;   766;   52;2020;marzec;21;sobota;0,0064;0,0064;0,9871; 26;  7
Pakistan;2020-03-22;   875;   99;   6;  1;     5;    0;   864;   98;2020;marzec;22;niedziela;0,0069;0,0057;0,9874; 27;  8
Pakistan;2020-03-23;   972;   97;   7;  1;    18;   13;   947;   83;2020;marzec;23;poniedziałek;0,0072;0,0185;0,9743; 28;  9
Pakistan;2020-03-24;  1063;   91;   8;  1;    21;    3;  1034;   87;2020;marzec;24;wtorek;0,0075;0,0198;0,9727; 29; 10
Pakistan;2020-03-25;  1201;  138;   9;  1;    21;    0;  1171;  137;2020;marzec;25;środa;0,0075;0,0175;0,9750; 30; 11
Pakistan;2020-03-26;  1373;  172;  11;  2;    23;    2;  1339;  168;2020;marzec;26;czwartek;0,0080;0,0168;0,9752; 31; 12
Pakistan;2020-03-27;  1495;  122;  12;  1;    29;    6;  1454;  115;2020;marzec;27;piątek;0,0080;0,0194;0,9726; 32; 13
Pakistan;2020-03-28;  1597;  102;  14;  2;    29;    0;  1554;  100;2020;marzec;28;sobota;0,0088;0,0182;0,9731; 33; 14
Pakistan;2020-03-29;  1717;  120;  21;  7;    76;   47;  1620;   66;2020;marzec;29;niedziela;0,0122;0,0443;0,9435; 34; 15
Pakistan;2020-03-30;  1938;  221;  26;  5;    76;    0;  1836;  216;2020;marzec;30;poniedziałek;0,0134;0,0392;0,9474; 35; 16
Pakistan;2020-03-31;  2118;  180;  27;  1;    94;   18;  1997;  161;2020;marzec;31;wtorek;0,0127;0,0444;0,9429; 36; 17
Pakistan;2020-04-01;  2421;  303;  34;  7;   125;   31;  2262;  265;2020;kwiecień; 1;środa;0,0140;0,0516;0,9343; 37; 18
Pakistan;2020-04-02;  2686;  265;  40;  6;   126;    1;  2520;  258;2020;kwiecień; 2;czwartek;0,0149;0,0469;0,9382; 38; 19
Pakistan;2020-04-03;  2818;  132;  41;  1;   131;    5;  2646;  126;2020;kwiecień; 3;piątek;0,0145;0,0465;0,9390; 39; 20
Pakistan;2020-04-04;  3157;  339;  47;  6;   211;   80;  2899;  253;2020;kwiecień; 4;sobota;0,0149;0,0668;0,9183; 40; 21
Pakistan;2020-04-05;  3766;  609;  53;  6;   259;   48;  3454;  555;2020;kwiecień; 5;niedziela;0,0141;0,0688;0,9172; 41; 22
Pakistan;2020-04-06;  4035;  269;  57;  4;   429;  170;  3549;   95;2020;kwiecień; 6;poniedziałek;0,0141;0,1063;0,8796; 42; 23
Pakistan;2020-04-07;  4263;  228;  61;  4;   467;   38;  3735;  186;2020;kwiecień; 7;wtorek;0,0143;0,1095;0,8761; 43; 24
Pakistan;2020-04-08;  4489;  226;  65;  4;   572;  105;  3852;  117;2020;kwiecień; 8;środa;0,0145;0,1274;0,8581; 44; 25
Pakistan;2020-04-09;  4695;  206;  66;  1;   727;  155;  3902;   50;2020;kwiecień; 9;czwartek;0,0141;0,1548;0,8311; 45; 26
Pakistan;2020-04-10;  5011;  316;  86; 20;   762;   35;  4163;  261;2020;kwiecień;10;piątek;0,0172;0,1521;0,8308; 46; 27
Pakistan;2020-04-11;  5230;  219;  91;  5;  1028;  266;  4111;  -52;2020;kwiecień;11;sobota;0,0174;0,1966;0,7860; 47; 28
Pakistan;2020-04-12;  5496;  266;  93;  2;  1095;   67;  4308;  197;2020;kwiecień;12;niedziela;0,0169;0,1992;0,7838; 48; 29
Pakistan;2020-04-13;  5837;  341;  96;  3;  1378;  283;  4363;   55;2020;kwiecień;13;poniedziałek;0,0164;0,2361;0,7475; 49; 30
Pakistan;2020-04-14;  6383;  546; 111; 15;  1446;   68;  4826;  463;2020;kwiecień;14;wtorek;0,0174;0,2265;0,7561; 50; 31
Pakistan;2020-04-15;  6919;  536; 128; 17;  1645;  199;  5146;  320;2020;kwiecień;15;środa;0,0185;0,2378;0,7437; 51; 32
Pakistan;2020-04-16;  7025;  106; 135;  7;  1765;  120;  5125;  -21;2020;kwiecień;16;czwartek;0,0192;0,2512;0,7295; 52; 33
Pakistan;2020-04-17;  7638;  613; 143;  8;  1832;   67;  5663;  538;2020;kwiecień;17;piątek;0,0187;0,2399;0,7414; 53; 34
Pakistan;2020-04-18;  8348;  710; 168; 25;  1868;   36;  6312;  649;2020;kwiecień;18;sobota;0,0201;0,2238;0,7561; 54; 35
Pakistan;2020-04-19;  8418;   70; 176;  8;  1970;  102;  6272;  -40;2020;kwiecień;19;niedziela;0,0209;0,2340;0,7451; 55; 36
Pakistan;2020-04-20;  9565; 1147; 201; 25;  2073;  103;  7291; 1019;2020;kwiecień;20;poniedziałek;0,0210;0,2167;0,7623; 56; 37
Pakistan;2020-04-21; 10076;  511; 212; 11;  2156;   83;  7708;  417;2020;kwiecień;21;wtorek;0,0210;0,2140;0,7650; 57; 38
Pakistan;2020-04-22; 11155; 1079; 237; 25;  2527;  371;  8391;  683;2020;kwiecień;22;środa;0,0212;0,2265;0,7522; 58; 39
Pakistan;2020-04-23; 11940;  785; 253; 16;  2755;  228;  8932;  541;2020;kwiecień;23;czwartek;0,0212;0,2307;0,7481; 59; 40
Pakistan;2020-04-24; 12723;  783; 269; 16;  2866;  111;  9588;  656;2020;kwiecień;24;piątek;0,0211;0,2253;0,7536; 60; 41
Pakistan;2020-04-25; 13328;  605; 281; 12;  2936;   70; 10111;  523;2020;kwiecień;25;sobota;0,0211;0,2203;0,7586; 61; 42
Pakistan;2020-04-26; 13915;  587; 292; 11;  3029;   93; 10594;  483;2020;kwiecień;26;niedziela;0,0210;0,2177;0,7613; 62; 43
Pakistan;2020-04-27; 14612;  697; 312; 20;  3233;  204; 11067;  473;2020;kwiecień;27;poniedziałek;0,0214;0,2213;0,7574; 63; 44
Pakistan;2020-04-28; 15525;  913; 343; 31;  3425;  192; 11757;  690;2020;kwiecień;28;wtorek;0,0221;0,2206;0,7573; 64; 45
Pakistan;2020-04-29; 16817; 1292; 385; 42;  4315;  890; 12117;  360;2020;kwiecień;29;środa;0,0229;0,2566;0,7205; 65; 46
Pakistan;2020-04-30; 18114; 1297; 417; 32;  4715;  400; 12982;  865;2020;kwiecień;30;czwartek;0,0230;0,2603;0,7167; 66; 47
Pakistan;2020-05-01; 19103;  989; 440; 23;  4817;  102; 13846;  864;2020;maj; 1;piątek;0,0230;0,2522;0,7248; 67; 48
Pakistan;2020-05-02; 20084;  981; 457; 17;  5114;  297; 14513;  667;2020;maj; 2;sobota;0,0228;0,2546;0,7226; 68; 49
Pakistan;2020-05-03; 20941;  857; 476; 19;  5635;  521; 14830;  317;2020;maj; 3;niedziela;0,0227;0,2691;0,7082; 69; 50
Pakistan;2020-05-04; 22049; 1108; 514; 38;  5801;  166; 15734;  904;2020;maj; 4;poniedziałek;0,0233;0,2631;0,7136; 70; 51
Pakistan;2020-05-05; 24073; 2024; 564; 50;  6464;  663; 17045; 1311;2020;maj; 5;wtorek;0,0234;0,2685;0,7081; 71; 52
Pakistan;2020-05-06; 24644;  571; 585; 21;  6464;    0; 17595;  550;2020;maj; 6;środa;0,0237;0,2623;0,7140; 72; 53
Pakistan;2020-05-07; 26435; 1791; 599; 14;  7530; 1066; 18306;  711;2020;maj; 7;czwartek;0,0227;0,2848;0,6925; 73; 54
Pakistan;2020-05-08; 28736; 2301; 636; 37;  7809;  279; 20291; 1985;2020;maj; 8;piątek;0,0221;0,2717;0,7061; 74; 55
Pakistan;2020-05-09; 30334; 1598; 659; 23;  8063;  254; 21612; 1321;2020;maj; 9;sobota;0,0217;0,2658;0,7125; 75; 56
Pakistan;2020-05-10; 32081; 1747; 706; 47;  8555;  492; 22820; 1208;2020;maj;10;niedziela;0,0220;0,2667;0,7113; 76; 57
Pakistan;2020-05-11; 34336; 2255; 737; 31;  8812;  257; 24787; 1967;2020;maj;11;poniedziałek;0,0215;0,2566;0,7219; 77; 58
Pakistan;2020-05-12; 35298;  962; 761; 24;  8899;   87; 25638;  851;2020;maj;12;wtorek;0,0216;0,2521;0,7263; 78; 59
Pakistan;2020-05-13; 35788;  490; 770;  9;  9695;  796; 25323; -315;2020;maj;13;środa;0,0215;0,2709;0,7076; 79; 60
Pakistan;2020-05-14; 38799; 3011; 834; 64; 10880; 1185; 27085; 1762;2020;maj;14;czwartek;0,0215;0,2804;0,6981; 80; 61
Pakistan;2020-05-15; 38799;    0; 834;  0; 10880;    0; 27085;    0;2020;maj;15;piątek;0,0215;0,2804;0,6981; 81; 62
Pakistan;2020-05-16; 40151; 1352; 873; 39; 11341;  461; 27937;  852;2020;maj;16;sobota;0,0217;0,2825;0,6958; 82; 63
Pakistan;2020-05-17; 42125; 1974; 903; 30; 11922;  581; 29300; 1363;2020;maj;17;niedziela;0,0214;0,2830;0,6955; 83; 64
Pakistan;2020-05-18; 43966; 1841; 939; 36; 12489;  567; 30538; 1238;2020;maj;18;poniedziałek;0,0214;0,2841;0,6946; 84; 65
Pakistan;2020-05-19; 45898; 1932; 985; 46; 13101;  612; 31812; 1274;2020;maj;19;wtorek;0,0215;0,2854;0,6931; 85; 66
Pakistan;2020-05-20; 48091; 2193;1017; 32; 14155; 1054; 32919; 1107;2020;maj;20;środa;0,0211;0,2943;0,6845; 86; 67
Pakistan;2020-05-21; 50694; 2603;1067; 50; 15201; 1046; 34426; 1507;2020;maj;21;czwartek;0,0210;0,2999;0,6791; 87; 68
Pakistan;2020-05-22; 52437; 1743;1101; 34; 16653; 1452; 34683;  257;2020;maj;22;piątek;0,0210;0,3176;0,6614; 88; 69
Pakistan;2020-05-23; 54601; 2164;1133; 32; 17198;  545; 36270; 1587;2020;maj;23;sobota;0,0208;0,3150;0,6643; 89; 70
Pakistan;2020-05-24; 56349; 1748;1167; 34; 17482;  284; 37700; 1430;2020;maj;24;niedziela;0,0207;0,3102;0,6690; 90; 71
Pakistan;2020-05-25; 57705; 1356;1197; 30; 18314;  832; 38194;  494;2020;maj;25;poniedziałek;0,0207;0,3174;0,6619; 91; 72
Pakistan;2020-05-26; 59151; 1446;1225; 28; 19142;  828; 38784;  590;2020;maj;26;wtorek;0,0207;0,3236;0,6557; 92; 73
Pakistan;2020-05-27; 61227; 2076;1260; 35; 20231; 1089; 39736;  952;2020;maj;27;środa;0,0206;0,3304;0,6490; 93; 74
Pakistan;2020-05-28; 64028; 2801;1317; 57; 22305; 2074; 40406;  670;2020;maj;28;czwartek;0,0206;0,3484;0,6311; 94; 75
Pakistan;2020-05-29; 66457; 2429;1395; 78; 24131; 1826; 40931;  525;2020;maj;29;piątek;0,0210;0,3631;0,6159; 95; 76
Pakistan;2020-05-30; 69496; 3039;1483; 88; 25271; 1140; 42742; 1811;2020;maj;30;sobota;0,0213;0,3636;0,6150; 96; 77
Pakistan;2020-05-31; 72460; 2964;1543; 60; 26083;  812; 44834; 2092;2020;maj;31;niedziela;0,0213;0,3600;0,6187; 97; 78
Pakistan;2020-06-01; 76398; 3938;1621; 78; 27110; 1027; 47667; 2833;2020;czerwiec; 1;poniedziałek;0,0212;0,3549;0,6239; 98; 79
Pakistan;2020-06-02; 80463; 4065;1688; 67; 28923; 1813; 49852; 2185;2020;czerwiec; 2;wtorek;0,0210;0,3595;0,6196; 99; 80
Pakistan;2020-06-03; 85264; 4801;1770; 82; 30128; 1205; 53366; 3514;2020;czerwiec; 3;środa;0,0208;0,3533;0,6259;100; 81
Pakistan;2020-06-04; 89249; 3985;1838; 68; 31198; 1070; 56213; 2847;2020;czerwiec; 4;czwartek;0,0206;0,3496;0,6298;101; 82
Pakistan;2020-06-05; 93983; 4734;1935; 97; 32581; 1383; 59467; 3254;2020;czerwiec; 5;piątek;0,0206;0,3467;0,6327;102; 83
Pakistan;2020-06-06; 98943; 4960;2002; 67; 33465;  884; 63476; 4009;2020;czerwiec; 6;sobota;0,0202;0,3382;0,6415;103; 84
Pakistan;2020-06-07;103671; 4728;2067; 65; 34355;  890; 67249; 3773;2020;czerwiec; 7;niedziela;0,0199;0,3314;0,6487;104; 85
Pakistan;2020-06-08;108317; 4646;2172;105; 35018;  663; 71127; 3878;2020;czerwiec; 8;poniedziałek;0,0201;0,3233;0,6567;105; 86
Pakistan;2020-06-09;113702; 5385;2255; 83; 36308; 1290; 75139; 4012;2020;czerwiec; 9;wtorek;0,0198;0,3193;0,6608;106; 87
Pakistan;2020-06-10;119536; 5834;2356;101; 36308;    0; 80872; 5733;2020;czerwiec;10;środa;0,0197;0,3037;0,6765;107; 88
Pakistan;2020-06-11;125933; 6397;2463;107; 40247; 3939; 83223; 2351;2020;czerwiec;11;czwartek;0,0196;0,3196;0,6609;108; 89
Pakistan;2020-06-12;125933;    0;2463;  0; 40247;    0; 83223;    0;2020;czerwiec;12;piątek;0,0196;0,3196;0,6609;109; 90
Pakistan;2020-06-13;132405; 6472;2551; 88; 50056; 9809; 79798;-3425;2020;czerwiec;13;sobota;0,0193;0,3781;0,6027;110; 91
Pakistan;2020-06-14;144478;12073;2729;178; 53721; 3665; 88028; 8230;2020;czerwiec;14;niedziela;0,0189;0,3718;0,6093;111; 92
Pakistan;2020-06-15;148921; 4443;2839;110; 56390; 2669; 89692; 1664;2020;czerwiec;15;poniedziałek;0,0191;0,3787;0,6023;112; 93
Pakistan;2020-06-16;154760; 5839;2975;136; 58437; 2047; 93348; 3656;2020;czerwiec;16;wtorek;0,0192;0,3776;0,6032;113; 94
Pakistan;2020-06-17;160118; 5358;3093;118; 59215;  778; 97810; 4462;2020;czerwiec;17;środa;0,0193;0,3698;0,6109;114; 95
Pakistan;2020-06-18;165062; 4944;3229;136; 61383; 2168;100450; 2640;2020;czerwiec;18;czwartek;0,0196;0,3719;0,6086;115; 96
Pakistan;2020-06-19;171666; 6604;3382;153; 63504; 2121;104780; 4330;2020;czerwiec;19;piątek;0,0197;0,3699;0,6104;116; 97
Pakistan;2020-06-20;176617; 4951;3501;119; 67892; 4388;105224;  444;2020;czerwiec;20;sobota;0,0198;0,3844;0,5958;117; 98
Pakistan;2020-06-21;181088; 4471;3590; 89; 71458; 3566;106040;  816;2020;czerwiec;21;niedziela;0,0198;0,3946;0,5856;118; 99
Pakistan;2020-06-22;185034; 3946;3695;105; 73471; 2013;107868; 1828;2020;czerwiec;22;poniedziałek;0,0200;0,3971;0,5830;119;100
Pakistan;2020-06-23;188926; 3892;3755; 60; 77754; 4283;107417; -451;2020;czerwiec;23;wtorek;0,0199;0,4116;0,5686;120;101
Pakistan;2020-06-24;192970; 4044;3903;148; 81307; 3553;107760;  343;2020;czerwiec;24;środa;0,0202;0,4213;0,5584;121;102
Pakistan;2020-06-25;195745; 2775;3962; 59; 84168; 2861;107615; -145;2020;czerwiec;25;czwartek;0,0202;0,4300;0,5498;122;103
Pakistan;2020-06-26;198883; 3138;4035; 73; 86906; 2738;107942;  327;2020;czerwiec;26;piątek;0,0203;0,4370;0,5427;123;104
Pakistan;2020-06-27;202955; 4072;4118; 83; 92624; 5718;106213;-1729;2020;czerwiec;27;sobota;0,0203;0,4564;0,5233;124;105
Pakistan;2020-06-28;206512; 3557;4167; 49; 95407; 2783;106938;  725;2020;czerwiec;28;niedziela;0,0202;0,4620;0,5178;125;106
Pakistan;2020-06-29;209337; 2825;4304;137; 98503; 3096;106530; -408;2020;czerwiec;29;poniedziałek;0,0206;0,4705;0,5089;126;107
Pakistan;2020-06-30;213470; 4133;4395; 91;100802; 2299;108273; 1743;2020;czerwiec;30;wtorek;0,0206;0,4722;0,5072;127;108
Pakistan;2020-07-01;217809; 4339;4473; 78;104694; 3892;108642;  369;2020;lipiec; 1;środa;0,0205;0,4807;0,4988;128;109
Pakistan;2020-07-02;221896; 4087;4551; 78;113623; 8929;103722;-4920;2020;lipiec; 2;czwartek;0,0205;0,5121;0,4674;129;110
Pakistan;2020-07-03;221896;    0;4551;  0;113623;    0;103722;    0;2020;lipiec; 3;piątek;0,0205;0,5121;0,4674;130;111
Pakistan;2020-07-04;225283; 3387;4619; 68;125094;11471; 95570;-8152;2020;lipiec; 4;sobota;0,0205;0,5553;0,4242;131;112
Pakistan;2020-07-05;231818; 6535;4762;143;131649; 6555; 95407; -163;2020;lipiec; 5;niedziela;0,0205;0,5679;0,4116;132;113
Pakistan;2020-07-06;234509; 2691;4839; 77;134957; 3308; 94713; -694;2020;lipiec; 6;poniedziałek;0,0206;0,5755;0,4039;133;114
Pakistan;2020-07-07;237489; 2980;4922; 83;140965; 6008; 91602;-3111;2020;lipiec; 7;wtorek;0,0207;0,5936;0,3857;134;115
Pakistan;2020-07-08;240848; 3359;4983; 61;145311; 4346; 90554;-1048;2020;lipiec; 8;środa;0,0207;0,6033;0,3760;135;116
Pakistan;2020-07-09;243599; 2751;5058; 75;149092; 3781; 89449;-1105;2020;lipiec; 9;czwartek;0,0208;0,6120;0,3672;136;117
Pakistan;2020-07-10;246351; 2752;5123; 65;153134; 4042; 88094;-1355;2020;lipiec;10;piątek;0,0208;0,6216;0,3576;137;118
Pakistan;2020-07-11;248872; 2521;5197; 74;156700; 3566; 86975;-1119;2020;lipiec;11;sobota;0,0209;0,6296;0,3495;138;119
Pakistan;2020-07-12;251625; 2753;5266; 69;161917; 5217; 84442;-2533;2020;lipiec;12;niedziela;0,0209;0,6435;0,3356;139;120
Pakistan;2020-07-13;253604; 1979;5320; 54;170656; 8739; 77628;-6814;2020;lipiec;13;poniedziałek;0,0210;0,6729;0,3061;140;121
Pakistan;2020-07-14;255769; 2165;5386; 66;172810; 2154; 77573;  -55;2020;lipiec;14;wtorek;0,0211;0,6756;0,3033;141;122
