Country;Date;Confirmed;New_Confirmed;Deaths;New_Deaths;Recovered;New_Recovered;Active;New_Active;Year;Month;Day;Week_Day;Deaths_Ratio;Recovered_Ratio;Active_Ratio;Day_Since_1st_Confirmed;Day_Since_100st_Confirmed
Peru;2020-03-06;     1;   1;   0;  0;     0;   0;     1;    1;2020;marzec; 6;piątek;0,0000;0,0000;1,0000;  1; 0
Peru;2020-03-07;     1;   0;   0;  0;     0;   0;     1;    0;2020;marzec; 7;sobota;0,0000;0,0000;1,0000;  2; 0
Peru;2020-03-08;     6;   5;   0;  0;     0;   0;     6;    5;2020;marzec; 8;niedziela;0,0000;0,0000;1,0000;  3; 0
Peru;2020-03-09;     7;   1;   0;  0;     0;   0;     7;    1;2020;marzec; 9;poniedziałek;0,0000;0,0000;1,0000;  4; 0
Peru;2020-03-10;    11;   4;   0;  0;     0;   0;    11;    4;2020;marzec;10;wtorek;0,0000;0,0000;1,0000;  5; 0
Peru;2020-03-11;    11;   0;   0;  0;     0;   0;    11;    0;2020;marzec;11;środa;0,0000;0,0000;1,0000;  6; 0
Peru;2020-03-12;    15;   4;   0;  0;     0;   0;    15;    4;2020;marzec;12;czwartek;0,0000;0,0000;1,0000;  7; 0
Peru;2020-03-13;    28;  13;   0;  0;     0;   0;    28;   13;2020;marzec;13;piątek;0,0000;0,0000;1,0000;  8; 0
Peru;2020-03-14;    38;  10;   0;  0;     0;   0;    38;   10;2020;marzec;14;sobota;0,0000;0,0000;1,0000;  9; 0
Peru;2020-03-15;    43;   5;   0;  0;     0;   0;    43;    5;2020;marzec;15;niedziela;0,0000;0,0000;1,0000; 10; 0
Peru;2020-03-16;    86;  43;   0;  0;     0;   0;    86;   43;2020;marzec;16;poniedziałek;0,0000;0,0000;1,0000; 11; 0
Peru;2020-03-17;   117;  31;   0;  0;     1;   1;   116;   30;2020;marzec;17;wtorek;0,0000;0,0085;0,9915; 12; 1
Peru;2020-03-18;   145;  28;   0;  0;     1;   0;   144;   28;2020;marzec;18;środa;0,0000;0,0069;0,9931; 13; 2
Peru;2020-03-19;   234;  89;   0;  0;     1;   0;   233;   89;2020;marzec;19;czwartek;0,0000;0,0043;0,9957; 14; 3
Peru;2020-03-20;   234;   0;   3;  3;     1;   0;   230;   -3;2020;marzec;20;piątek;0,0128;0,0043;0,9829; 15; 4
Peru;2020-03-21;   318;  84;   5;  2;     1;   0;   312;   82;2020;marzec;21;sobota;0,0157;0,0031;0,9811; 16; 5
Peru;2020-03-22;   363;  45;   5;  0;     1;   0;   357;   45;2020;marzec;22;niedziela;0,0138;0,0028;0,9835; 17; 6
Peru;2020-03-23;   395;  32;   5;  0;     1;   0;   389;   32;2020;marzec;23;poniedziałek;0,0127;0,0025;0,9848; 18; 7
Peru;2020-03-24;   416;  21;   7;  2;     1;   0;   408;   19;2020;marzec;24;wtorek;0,0168;0,0024;0,9808; 19; 8
Peru;2020-03-25;   480;  64;   9;  2;     1;   0;   470;   62;2020;marzec;25;środa;0,0188;0,0021;0,9792; 20; 9
Peru;2020-03-26;   580; 100;   9;  0;    14;  13;   557;   87;2020;marzec;26;czwartek;0,0155;0,0241;0,9603; 21;10
Peru;2020-03-27;   635;  55;  11;  2;    16;   2;   608;   51;2020;marzec;27;piątek;0,0173;0,0252;0,9575; 22;11
Peru;2020-03-28;   671;  36;  16;  5;    16;   0;   639;   31;2020;marzec;28;sobota;0,0238;0,0238;0,9523; 23;12
Peru;2020-03-29;   852; 181;  18;  2;    16;   0;   818;  179;2020;marzec;29;niedziela;0,0211;0,0188;0,9601; 24;13
Peru;2020-03-30;   950;  98;  24;  6;    53;  37;   873;   55;2020;marzec;30;poniedziałek;0,0253;0,0558;0,9189; 25;14
Peru;2020-03-31;  1065; 115;  30;  6;   394; 341;   641; -232;2020;marzec;31;wtorek;0,0282;0,3700;0,6019; 26;15
Peru;2020-04-01;  1323; 258;  38;  8;   394;   0;   891;  250;2020;kwiecień; 1;środa;0,0287;0,2978;0,6735; 27;16
Peru;2020-04-02;  1414;  91;  55; 17;   537; 143;   822;  -69;2020;kwiecień; 2;czwartek;0,0389;0,3798;0,5813; 28;17
Peru;2020-04-03;  1595; 181;  61;  6;   537;   0;   997;  175;2020;kwiecień; 3;piątek;0,0382;0,3367;0,6251; 29;18
Peru;2020-04-04;  1746; 151;  73; 12;   914; 377;   759; -238;2020;kwiecień; 4;sobota;0,0418;0,5235;0,4347; 30;19
Peru;2020-04-05;  2281; 535;  83; 10;   989;  75;  1209;  450;2020;kwiecień; 5;niedziela;0,0364;0,4336;0,5300; 31;20
Peru;2020-04-06;  2561; 280;  92;  9;   997;   8;  1472;  263;2020;kwiecień; 6;poniedziałek;0,0359;0,3893;0,5748; 32;21
Peru;2020-04-07;  2954; 393; 107; 15;  1301; 304;  1546;   74;2020;kwiecień; 7;wtorek;0,0362;0,4404;0,5234; 33;22
Peru;2020-04-08;  4342;1388; 121; 14;  1333;  32;  2888; 1342;2020;kwiecień; 8;środa;0,0279;0,3070;0,6651; 34;23
Peru;2020-04-09;  5256; 914; 138; 17;  1438; 105;  3680;  792;2020;kwiecień; 9;czwartek;0,0263;0,2736;0,7002; 35;24
Peru;2020-04-10;  5897; 641; 169; 31;  1569; 131;  4159;  479;2020;kwiecień;10;piątek;0,0287;0,2661;0,7053; 36;25
Peru;2020-04-11;  6848; 951; 181; 12;  1739; 170;  4928;  769;2020;kwiecień;11;sobota;0,0264;0,2539;0,7196; 37;26
Peru;2020-04-12;  7519; 671; 193; 12;  1798;  59;  5528;  600;2020;kwiecień;12;niedziela;0,0257;0,2391;0,7352; 38;27
Peru;2020-04-13;  9784;2265; 216; 23;  2642; 844;  6926; 1398;2020;kwiecień;13;poniedziałek;0,0221;0,2700;0,7079; 39;28
Peru;2020-04-14; 10303; 519; 230; 14;  2869; 227;  7204;  278;2020;kwiecień;14;wtorek;0,0223;0,2785;0,6992; 40;29
Peru;2020-04-15; 11475;1172; 254; 24;  3108; 239;  8113;  909;2020;kwiecień;15;środa;0,0221;0,2708;0,7070; 41;30
Peru;2020-04-16; 12491;1016; 274; 20;  6120;3012;  6097;-2016;2020;kwiecień;16;czwartek;0,0219;0,4900;0,4881; 42;31
Peru;2020-04-17; 13489; 998; 300; 26;  6541; 421;  6648;  551;2020;kwiecień;17;piątek;0,0222;0,4849;0,4928; 43;32
Peru;2020-04-18; 14420; 931; 348; 48;  6684; 143;  7388;  740;2020;kwiecień;18;sobota;0,0241;0,4635;0,5123; 44;33
Peru;2020-04-19; 15628;1208; 400; 52;  6811; 127;  8417; 1029;2020;kwiecień;19;niedziela;0,0256;0,4358;0,5386; 45;34
Peru;2020-04-20; 16325; 697; 445; 45;  6968; 157;  8912;  495;2020;kwiecień;20;poniedziałek;0,0273;0,4268;0,5459; 46;35
Peru;2020-04-21; 17837;1512; 484; 39;  6982;  14; 10371; 1459;2020;kwiecień;21;wtorek;0,0271;0,3914;0,5814; 47;36
Peru;2020-04-22; 19250;1413; 530; 46;  7027;  45; 11693; 1322;2020;kwiecień;22;środa;0,0275;0,3650;0,6074; 48;37
Peru;2020-04-23; 20914;1664; 572; 42;  7422; 395; 12920; 1227;2020;kwiecień;23;czwartek;0,0274;0,3549;0,6178; 49;38
Peru;2020-04-24; 21648; 734; 634; 62;  7496;  74; 13518;  598;2020;kwiecień;24;piątek;0,0293;0,3463;0,6244; 50;39
Peru;2020-04-25; 25331;3683; 700; 66;  7797; 301; 16834; 3316;2020;kwiecień;25;sobota;0,0276;0,3078;0,6646; 51;40
Peru;2020-04-26; 27517;2186; 728; 28;  8088; 291; 18701; 1867;2020;kwiecień;26;niedziela;0,0265;0,2939;0,6796; 52;41
Peru;2020-04-27; 28699;1182; 782; 54;  8425; 337; 19492;  791;2020;kwiecień;27;poniedziałek;0,0272;0,2936;0,6792; 53;42
Peru;2020-04-28; 31190;2491; 854; 72;  9179; 754; 21157; 1665;2020;kwiecień;28;wtorek;0,0274;0,2943;0,6783; 54;43
Peru;2020-04-29; 33931;2741; 943; 89; 10037; 858; 22951; 1794;2020;kwiecień;29;środa;0,0278;0,2958;0,6764; 55;44
Peru;2020-04-30; 36976;3045;1051;108; 10405; 368; 25520; 2569;2020;kwiecień;30;czwartek;0,0284;0,2814;0,6902; 56;45
Peru;2020-05-01; 40459;3483;1124; 73; 11129; 724; 28206; 2686;2020;maj; 1;piątek;0,0278;0,2751;0,6972; 57;46
Peru;2020-05-02; 42534;2075;1200; 76; 12434;1305; 28900;  694;2020;maj; 2;sobota;0,0282;0,2923;0,6795; 58;47
Peru;2020-05-03; 45928;3394;1286; 86; 13550;1116; 31092; 2192;2020;maj; 3;niedziela;0,0280;0,2950;0,6770; 59;48
Peru;2020-05-04; 47372;1444;1344; 58; 14427; 877; 31601;  509;2020;maj; 4;poniedziałek;0,0284;0,3045;0,6671; 60;49
Peru;2020-05-05; 51189;3817;1444;100; 15413; 986; 34332; 2731;2020;maj; 5;wtorek;0,0282;0,3011;0,6707; 61;50
Peru;2020-05-06; 54817;3628;1533; 89; 17527;2114; 35757; 1425;2020;maj; 6;środa;0,0280;0,3197;0,6523; 62;51
Peru;2020-05-07; 58526;3709;1627; 94; 18388; 861; 38511; 2754;2020;maj; 7;czwartek;0,0278;0,3142;0,6580; 63;52
Peru;2020-05-08; 61847;3321;1714; 87; 19012; 624; 41121; 2610;2020;maj; 8;piątek;0,0277;0,3074;0,6649; 64;53
Peru;2020-05-09; 65015;3168;1814;100; 20246;1234; 42955; 1834;2020;maj; 9;sobota;0,0279;0,3114;0,6607; 65;54
Peru;2020-05-10; 67307;2292;1889; 75; 21349;1103; 44069; 1114;2020;maj;10;niedziela;0,0281;0,3172;0,6547; 66;55
Peru;2020-05-11; 68822;1515;1961; 72; 22406;1057; 44455;  386;2020;maj;11;poniedziałek;0,0285;0,3256;0,6459; 67;56
Peru;2020-05-12; 72059;3237;2057; 96; 23324; 918; 46678; 2223;2020;maj;12;wtorek;0,0285;0,3237;0,6478; 68;57
Peru;2020-05-13; 76306;4247;2169;112; 24324;1000; 49813; 3135;2020;maj;13;środa;0,0284;0,3188;0,6528; 69;58
Peru;2020-05-14; 80604;4298;2267; 98; 25151; 827; 53186; 3373;2020;maj;14;czwartek;0,0281;0,3120;0,6598; 70;59
Peru;2020-05-15; 84495;3891;2392;125; 27147;1996; 54956; 1770;2020;maj;15;piątek;0,0283;0,3213;0,6504; 71;60
Peru;2020-05-16; 88541;4046;2523;131; 28272;1125; 57746; 2790;2020;maj;16;sobota;0,0285;0,3193;0,6522; 72;61
Peru;2020-05-17; 92273;3732;2648;125; 28621; 349; 61004; 3258;2020;maj;17;niedziela;0,0287;0,3102;0,6611; 73;62
Peru;2020-05-18; 94933;2660;2789;141; 30306;1685; 61838;  834;2020;maj;18;poniedziałek;0,0294;0,3192;0,6514; 74;63
Peru;2020-05-19; 99483;4550;2914;125; 36524;6218; 60045;-1793;2020;maj;19;wtorek;0,0293;0,3671;0,6036; 75;64
Peru;2020-05-20;104020;4537;3024;110; 41968;5444; 59028;-1017;2020;maj;20;środa;0,0291;0,4035;0,5675; 76;65
Peru;2020-05-21;108769;4749;3148;124; 43587;1619; 62034; 3006;2020;maj;21;czwartek;0,0289;0,4007;0,5703; 77;66
Peru;2020-05-22;111698;2929;3244; 96; 44848;1261; 63606; 1572;2020;maj;22;piątek;0,0290;0,4015;0,5694; 78;67
Peru;2020-05-23;115754;4056;3373;129; 47915;3067; 64466;  860;2020;maj;23;sobota;0,0291;0,4139;0,5569; 79;68
Peru;2020-05-24;119959;4205;3456; 83; 49795;1880; 66708; 2242;2020;maj;24;niedziela;0,0288;0,4151;0,5561; 80;69
Peru;2020-05-25;123979;4020;3629;173; 50949;1154; 69401; 2693;2020;maj;25;poniedziałek;0,0293;0,4109;0,5598; 81;70
Peru;2020-05-26;129751;5772;3788;159; 52906;1957; 73057; 3656;2020;maj;26;wtorek;0,0292;0,4078;0,5631; 82;71
Peru;2020-05-27;135905;6154;3983;195; 56169;3263; 75753; 2696;2020;maj;27;środa;0,0293;0,4133;0,5574; 83;72
Peru;2020-05-28;141779;5874;4099;116; 59442;3273; 78238; 2485;2020;maj;28;czwartek;0,0289;0,4193;0,5518; 84;73
Peru;2020-05-29;148285;6506;4230;131; 62791;3349; 81264; 3026;2020;maj;29;piątek;0,0285;0,4234;0,5480; 85;74
Peru;2020-05-30;155671;7386;4371;141; 66447;3656; 84853; 3589;2020;maj;30;sobota;0,0281;0,4268;0,5451; 86;75
Peru;2020-05-31;164476;8805;4506;135; 67208; 761; 92762; 7909;2020;maj;31;niedziela;0,0274;0,4086;0,5640; 87;76
Peru;2020-06-01;170039;5563;4634;128; 68507;1299; 96898; 4136;2020;czerwiec; 1;poniedziałek;0,0273;0,4029;0,5699; 88;77
Peru;2020-06-02;170039;   0;4634;  0; 69257; 750; 96148; -750;2020;czerwiec; 2;wtorek;0,0273;0,4073;0,5654; 89;78
Peru;2020-06-03;178914;8875;4894;260; 72319;3062;101701; 5553;2020;czerwiec; 3;środa;0,0274;0,4042;0,5684; 90;79
Peru;2020-06-04;183198;4284;5031;137; 76228;3909;101939;  238;2020;czerwiec; 4;czwartek;0,0275;0,4161;0,5564; 91;80
Peru;2020-06-05;187400;4202;5162;131; 79214;2986;103024; 1085;2020;czerwiec; 5;piątek;0,0275;0,4227;0,5498; 92;81
Peru;2020-06-06;191758;4358;5301;139; 82731;3517;103726;  702;2020;czerwiec; 6;sobota;0,0276;0,4314;0,5409; 93;82
Peru;2020-06-07;196515;4757;5465;164; 86219;3488;104831; 1105;2020;czerwiec; 7;niedziela;0,0278;0,4387;0,5335; 94;83
Peru;2020-06-08;199696;3181;5571;106; 89556;3337;104569; -262;2020;czerwiec; 8;poniedziałek;0,0279;0,4485;0,5236; 95;84
Peru;2020-06-09;203736;4040;5738;167; 92929;3373;105069;  500;2020;czerwiec; 9;wtorek;0,0282;0,4561;0,5157; 96;85
Peru;2020-06-10;208823;5087;5903;165; 98031;5102;104889; -180;2020;czerwiec;10;środa;0,0283;0,4694;0,5023; 97;86
Peru;2020-06-11;214788;5965;6088;185;102429;4398;106271; 1382;2020;czerwiec;11;czwartek;0,0283;0,4769;0,4948; 98;87
Peru;2020-06-12;214788;   0;6088;  0;107133;4704;101567;-4704;2020;czerwiec;12;piątek;0,0283;0,4988;0,4729; 99;88
Peru;2020-06-13;220749;5961;6308;220;111724;4591;102717; 1150;2020;czerwiec;13;sobota;0,0286;0,5061;0,4653;100;89
Peru;2020-06-14;229736;8987;6688;380;115579;3855;107469; 4752;2020;czerwiec;14;niedziela;0,0291;0,5031;0,4678;101;90
Peru;2020-06-15;232992;3256;6860;172;119409;3830;106723; -746;2020;czerwiec;15;poniedziałek;0,0294;0,5125;0,4581;102;91
Peru;2020-06-16;237156;4164;7056;196;125205;5796;104895;-1828;2020;czerwiec;16;wtorek;0,0298;0,5279;0,4423;103;92
