Country;Date;Confirmed;New_Confirmed;Deaths;New_Deaths;Recovered;New_Recovered;Active;New_Active;Year;Month;Day;Week_Day;Deaths_Ratio;Recovered_Ratio;Active_Ratio;Day_Since_1st_Confirmed;Day_Since_100st_Confirmed
Poland;2020-03-04;    1;  1;   0; 0;    0;  0;    1;   1;2020;marzec; 4;środa;0,0000;0,0000;1,0000;  1; 0
Poland;2020-03-05;    1;  0;   0; 0;    0;  0;    1;   0;2020;marzec; 5;czwartek;0,0000;0,0000;1,0000;  2; 0
Poland;2020-03-06;    5;  4;   0; 0;    0;  0;    5;   4;2020;marzec; 6;piątek;0,0000;0,0000;1,0000;  3; 0
Poland;2020-03-07;    5;  0;   0; 0;    0;  0;    5;   0;2020;marzec; 7;sobota;0,0000;0,0000;1,0000;  4; 0
Poland;2020-03-08;   11;  6;   0; 0;    0;  0;   11;   6;2020;marzec; 8;niedziela;0,0000;0,0000;1,0000;  5; 0
Poland;2020-03-09;   16;  5;   0; 0;    0;  0;   16;   5;2020;marzec; 9;poniedziałek;0,0000;0,0000;1,0000;  6; 0
Poland;2020-03-10;   22;  6;   0; 0;    0;  0;   22;   6;2020;marzec;10;wtorek;0,0000;0,0000;1,0000;  7; 0
Poland;2020-03-11;   31;  9;   0; 0;    0;  0;   31;   9;2020;marzec;11;środa;0,0000;0,0000;1,0000;  8; 0
Poland;2020-03-12;   49; 18;   1; 1;    0;  0;   48;  17;2020;marzec;12;czwartek;0,0204;0,0000;0,9796;  9; 0
Poland;2020-03-13;   68; 19;   2; 1;    0;  0;   66;  18;2020;marzec;13;piątek;0,0294;0,0000;0,9706; 10; 0
Poland;2020-03-14;  103; 35;   3; 1;    0;  0;  100;  34;2020;marzec;14;sobota;0,0291;0,0000;0,9709; 11; 1
Poland;2020-03-15;  119; 16;   3; 0;    0;  0;  116;  16;2020;marzec;15;niedziela;0,0252;0,0000;0,9748; 12; 2
Poland;2020-03-16;  177; 58;   4; 1;   13; 13;  160;  44;2020;marzec;16;poniedziałek;0,0226;0,0734;0,9040; 13; 3
Poland;2020-03-17;  238; 61;   5; 1;   13;  0;  220;  60;2020;marzec;17;wtorek;0,0210;0,0546;0,9244; 14; 4
Poland;2020-03-18;  251; 13;   5; 0;   13;  0;  233;  13;2020;marzec;18;środa;0,0199;0,0518;0,9283; 15; 5
Poland;2020-03-19;  355;104;   5; 0;    1;-12;  349; 116;2020;marzec;19;czwartek;0,0141;0,0028;0,9831; 16; 6
Poland;2020-03-20;  425; 70;   5; 0;    1;  0;  419;  70;2020;marzec;20;piątek;0,0118;0,0024;0,9859; 17; 7
Poland;2020-03-21;  536;111;   5; 0;    1;  0;  530; 111;2020;marzec;21;sobota;0,0093;0,0019;0,9888; 18; 8
Poland;2020-03-22;  634; 98;   7; 2;    1;  0;  626;  96;2020;marzec;22;niedziela;0,0110;0,0016;0,9874; 19; 9
Poland;2020-03-23;  749;115;   8; 1;    1;  0;  740; 114;2020;marzec;23;poniedziałek;0,0107;0,0013;0,9880; 20;10
Poland;2020-03-24;  901;152;  10; 2;    1;  0;  890; 150;2020;marzec;24;wtorek;0,0111;0,0011;0,9878; 21;11
Poland;2020-03-25; 1051;150;  14; 4;    7;  6; 1030; 140;2020;marzec;25;środa;0,0133;0,0067;0,9800; 22;12
Poland;2020-03-26; 1221;170;  16; 2;    7;  0; 1198; 168;2020;marzec;26;czwartek;0,0131;0,0057;0,9812; 23;13
Poland;2020-03-27; 1389;168;  16; 0;    7;  0; 1366; 168;2020;marzec;27;piątek;0,0115;0,0050;0,9834; 24;14
Poland;2020-03-28; 1638;249;  18; 2;    7;  0; 1613; 247;2020;marzec;28;sobota;0,0110;0,0043;0,9847; 25;15
Poland;2020-03-29; 1862;224;  22; 4;    7;  0; 1833; 220;2020;marzec;29;niedziela;0,0118;0,0038;0,9844; 26;16
Poland;2020-03-30; 2055;193;  31; 9;    7;  0; 2017; 184;2020;marzec;30;poniedziałek;0,0151;0,0034;0,9815; 27;17
Poland;2020-03-31; 2311;256;  33; 2;    7;  0; 2271; 254;2020;marzec;31;wtorek;0,0143;0,0030;0,9827; 28;18
Poland;2020-04-01; 2554;243;  43;10;   47; 40; 2464; 193;2020;kwiecień; 1;środa;0,0168;0,0184;0,9648; 29;19
Poland;2020-04-02; 2946;392;  57;14;   56;  9; 2833; 369;2020;kwiecień; 2;czwartek;0,0193;0,0190;0,9616; 30;20
Poland;2020-04-03; 3383;437;  71;14;   56;  0; 3256; 423;2020;kwiecień; 3;piątek;0,0210;0,0166;0,9625; 31;21
Poland;2020-04-04; 3627;244;  79; 8;  116; 60; 3432; 176;2020;kwiecień; 4;sobota;0,0218;0,0320;0,9462; 32;22
Poland;2020-04-05; 4102;475;  94;15;  134; 18; 3874; 442;2020;kwiecień; 5;niedziela;0,0229;0,0327;0,9444; 33;23
Poland;2020-04-06; 4413;311; 107;13;  162; 28; 4144; 270;2020;kwiecień; 6;poniedziałek;0,0242;0,0367;0,9390; 34;24
Poland;2020-04-07; 4848;435; 129;22;  191; 29; 4528; 384;2020;kwiecień; 7;wtorek;0,0266;0,0394;0,9340; 35;25
Poland;2020-04-08; 5205;357; 159;30;  222; 31; 4824; 296;2020;kwiecień; 8;środa;0,0305;0,0427;0,9268; 36;26
Poland;2020-04-09; 5575;370; 174;15;  284; 62; 5117; 293;2020;kwiecień; 9;czwartek;0,0312;0,0509;0,9178; 37;27
Poland;2020-04-10; 5955;380; 181; 7;  318; 34; 5456; 339;2020;kwiecień;10;piątek;0,0304;0,0534;0,9162; 38;28
Poland;2020-04-11; 6356;401; 208;27;  375; 57; 5773; 317;2020;kwiecień;11;sobota;0,0327;0,0590;0,9083; 39;29
Poland;2020-04-12; 6674;318; 232;24;  439; 64; 6003; 230;2020;kwiecień;12;niedziela;0,0348;0,0658;0,8995; 40;30
Poland;2020-04-13; 6934;260; 245;13;  487; 48; 6202; 199;2020;kwiecień;13;poniedziałek;0,0353;0,0702;0,8944; 41;31
Poland;2020-04-14; 7202;268; 263;18;  618;131; 6321; 119;2020;kwiecień;14;wtorek;0,0365;0,0858;0,8777; 42;32
Poland;2020-04-15; 7582;380; 286;23;  668; 50; 6628; 307;2020;kwiecień;15;środa;0,0377;0,0881;0,8742; 43;33
Poland;2020-04-16; 7918;336; 314;28;  774;106; 6830; 202;2020;kwiecień;16;czwartek;0,0397;0,0978;0,8626; 44;34
Poland;2020-04-17; 8379;461; 332;18;  866; 92; 7181; 351;2020;kwiecień;17;piątek;0,0396;0,1034;0,8570; 45;35
Poland;2020-04-18; 8742;363; 347;15;  981;115; 7414; 233;2020;kwiecień;18;sobota;0,0397;0,1122;0,8481; 46;36
Poland;2020-04-19; 9287;545; 360;13; 1040; 59; 7887; 473;2020;kwiecień;19;niedziela;0,0388;0,1120;0,8493; 47;37
Poland;2020-04-20; 9593;306; 380;20; 1133; 93; 8080; 193;2020;kwiecień;20;poniedziałek;0,0396;0,1181;0,8423; 48;38
Poland;2020-04-21; 9856;263; 401;21; 1297;164; 8158;  78;2020;kwiecień;21;wtorek;0,0407;0,1316;0,8277; 49;39
Poland;2020-04-22;10169;313; 426;25; 1513;216; 8230;  72;2020;kwiecień;22;środa;0,0419;0,1488;0,8093; 50;40
Poland;2020-04-23;10511;342; 454;28; 1740;227; 8317;  87;2020;kwiecień;23;czwartek;0,0432;0,1655;0,7913; 51;41
Poland;2020-04-24;10892;381; 494;40; 1944;204; 8454; 137;2020;kwiecień;24;piątek;0,0454;0,1785;0,7762; 52;42
Poland;2020-04-25;11273;381; 524;30; 2126;182; 8623; 169;2020;kwiecień;25;sobota;0,0465;0,1886;0,7649; 53;43
Poland;2020-04-26;11617;344; 535;11; 2265;139; 8817; 194;2020;kwiecień;26;niedziela;0,0461;0,1950;0,7590; 54;44
Poland;2020-04-27;11902;285; 562;27; 2466;201; 8874;  57;2020;kwiecień;27;poniedziałek;0,0472;0,2072;0,7456; 55;45
Poland;2020-04-28;12218;316; 596;34; 2655;189; 8967;  93;2020;kwiecień;28;wtorek;0,0488;0,2173;0,7339; 56;46
Poland;2020-04-29;12640;422; 624;28; 3025;370; 8991;  24;2020;kwiecień;29;środa;0,0494;0,2393;0,7113; 57;47
Poland;2020-04-30;12877;237; 644;20; 3236;211; 8997;   6;2020;kwiecień;30;czwartek;0,0500;0,2513;0,6987; 58;48
Poland;2020-05-01;13105;228; 651; 7; 3491;255; 8963; -34;2020;maj; 1;piątek;0,0497;0,2664;0,6839; 59;49
Poland;2020-05-02;13375;270; 664;13; 3762;271; 8949; -14;2020;maj; 2;sobota;0,0496;0,2813;0,6691; 60;50
Poland;2020-05-03;13693;318; 678;14; 3945;183; 9070; 121;2020;maj; 3;niedziela;0,0495;0,2881;0,6624; 61;51
Poland;2020-05-04;14006;313; 698;20; 4095;150; 9213; 143;2020;maj; 4;poniedziałek;0,0498;0,2924;0,6578; 62;52
Poland;2020-05-05;14431;425; 716;18; 4280;185; 9435; 222;2020;maj; 5;wtorek;0,0496;0,2966;0,6538; 63;53
Poland;2020-05-06;14740;309; 733;17; 4655;375; 9352; -83;2020;maj; 6;środa;0,0497;0,3158;0,6345; 64;54
Poland;2020-05-07;15047;307; 755;22; 4862;207; 9430;  78;2020;maj; 7;czwartek;0,0502;0,3231;0,6267; 65;55
Poland;2020-05-08;15366;319; 776;21; 5184;322; 9406; -24;2020;maj; 8;piątek;0,0505;0,3374;0,6121; 66;56
Poland;2020-05-09;15651;285; 785; 9; 5437;253; 9429;  23;2020;maj; 9;sobota;0,0502;0,3474;0,6025; 67;57
Poland;2020-05-10;15996;345; 800;15; 5698;261; 9498;  69;2020;maj;10;niedziela;0,0500;0,3562;0,5938; 68;58
Poland;2020-05-11;16326;330; 811;11; 5816;118; 9699; 201;2020;maj;11;poniedziałek;0,0497;0,3562;0,5941; 69;59
Poland;2020-05-12;16921;595; 839;28; 6131;315; 9951; 252;2020;maj;12;wtorek;0,0496;0,3623;0,5881; 70;60
Poland;2020-05-13;17204;283; 861;22; 6410;279; 9933; -18;2020;maj;13;środa;0,0500;0,3726;0,5774; 71;61
Poland;2020-05-14;17615;411; 883;22; 6696;286;10036; 103;2020;maj;14;czwartek;0,0501;0,3801;0,5697; 72;62
Poland;2020-05-15;18016;401; 907;24; 6918;222;10191; 155;2020;maj;15;piątek;0,0503;0,3840;0,5657; 73;63
Poland;2020-05-16;18257;241; 915; 8; 7175;257;10167; -24;2020;maj;16;sobota;0,0501;0,3930;0,5569; 74;64
Poland;2020-05-17;18529;272; 925;10; 7451;276;10153; -14;2020;maj;17;niedziela;0,0499;0,4021;0,5480; 75;65
Poland;2020-05-18;18885;356; 936;11; 7628;177;10321; 168;2020;maj;18;poniedziałek;0,0496;0,4039;0,5465; 76;66
Poland;2020-05-19;19268;383; 948;12; 7903;275;10417;  96;2020;maj;19;wtorek;0,0492;0,4102;0,5406; 77;67
Poland;2020-05-20;19739;471; 962;14; 8183;280;10594; 177;2020;maj;20;środa;0,0487;0,4146;0,5367; 78;68
Poland;2020-05-21;20143;404; 972;10; 8452;269;10719; 125;2020;maj;21;czwartek;0,0483;0,4196;0,5321; 79;69
Poland;2020-05-22;20619;476; 982;10; 8731;279;10906; 187;2020;maj;22;piątek;0,0476;0,4234;0,5289; 80;70
Poland;2020-05-23;20931;312; 993;11; 8977;246;10961;  55;2020;maj;23;sobota;0,0474;0,4289;0,5237; 81;71
Poland;2020-05-24;21326;395; 996; 3; 9194;217;11136; 175;2020;maj;24;niedziela;0,0467;0,4311;0,5222; 82;72
Poland;2020-05-25;21631;305;1007;11; 9276; 82;11348; 212;2020;maj;25;poniedziałek;0,0466;0,4288;0,5246; 83;73
Poland;2020-05-26;22074;443;1024;17;10020;744;11030;-318;2020;maj;26;wtorek;0,0464;0,4539;0,4997; 84;74
Poland;2020-05-27;22473;399;1028; 4;10330;310;11115;  85;2020;maj;27;środa;0,0457;0,4597;0,4946; 85;75
Poland;2020-05-28;22825;352;1038;10;10560;230;11227; 112;2020;maj;28;czwartek;0,0455;0,4627;0,4919; 86;76
Poland;2020-05-29;23155;330;1051;13;10692;132;11412; 185;2020;maj;29;piątek;0,0454;0,4618;0,4929; 87;77
Poland;2020-05-30;23571;416;1061;10;11016;324;11494;  82;2020;maj;30;sobota;0,0450;0,4674;0,4876; 88;78
Poland;2020-05-31;23786;215;1064; 3;11271;255;11451; -43;2020;maj;31;niedziela;0,0447;0,4739;0,4814; 89;79
Poland;2020-06-01;24165;379;1074;10;11449;178;11642; 191;2020;czerwiec; 1;poniedziałek;0,0444;0,4738;0,4818; 90;80
Poland;2020-06-02;24395;230;1092;18;11726;277;11577; -65;2020;czerwiec; 2;wtorek;0,0448;0,4807;0,4746; 91;81
Poland;2020-06-03;24687;292;1115;23;12014;288;11558; -19;2020;czerwiec; 3;środa;0,0452;0,4867;0,4682; 92;82
Poland;2020-06-04;25048;361;1117; 2;12227;213;11704; 146;2020;czerwiec; 4;czwartek;0,0446;0,4881;0,4673; 93;83
Poland;2020-06-05;25410;362;1137;20;12410;183;11863; 159;2020;czerwiec; 5;piątek;0,0447;0,4884;0,4669; 94;84
Poland;2020-06-06;25986;576;1153;16;12641;231;12192; 329;2020;czerwiec; 6;sobota;0,0444;0,4865;0,4692; 95;85
Poland;2020-06-07;26561;575;1157; 4;12855;214;12549; 357;2020;czerwiec; 7;niedziela;0,0436;0,4840;0,4725; 96;86
Poland;2020-06-08;27160;599;1166; 9;12998;143;12996; 447;2020;czerwiec; 8;poniedziałek;0,0429;0,4786;0,4785; 97;87
Poland;2020-06-09;27560;400;1183;17;13196;198;13181; 185;2020;czerwiec; 9;wtorek;0,0429;0,4788;0,4783; 98;88
Poland;2020-06-10;27842;282;1206;23;13411;215;13225;  44;2020;czerwiec;10;środa;0,0433;0,4817;0,4750; 99;89
Poland;2020-06-11;28201;359;1215; 9;13696;285;13290;  65;2020;czerwiec;11;czwartek;0,0431;0,4857;0,4713;100;90
Poland;2020-06-12;28577;376;1222; 7;13805;109;13550; 260;2020;czerwiec;12;piątek;0,0428;0,4831;0,4742;101;91
Poland;2020-06-13;29017;440;1237;15;14104;299;13676; 126;2020;czerwiec;13;sobota;0,0426;0,4861;0,4713;102;92
Poland;2020-06-14;29392;375;1247;10;14226;122;13919; 243;2020;czerwiec;14;niedziela;0,0424;0,4840;0,4736;103;93
Poland;2020-06-15;29788;396;1256; 9;14383;157;14149; 230;2020;czerwiec;15;poniedziałek;0,0422;0,4828;0,4750;104;94
Poland;2020-06-16;30195;407;1272;16;14654;271;14269; 120;2020;czerwiec;16;wtorek;0,0421;0,4853;0,4726;105;95
