Country;Date;Confirmed;New_Confirmed;Deaths;New_Deaths;Recovered;New_Recovered;Active;New_Active;Year;Month;Day;Week_Day;Deaths_Ratio;Recovered_Ratio;Active_Ratio;Day_Since_1st_Confirmed;Day_Since_100st_Confirmed
Saudi Arabia;2020-03-02;    1;   1;  0; 0;    0;   0;    1;    1;2020;marzec; 2;poniedziałek;0,0000;0,0000;1,0000; 1; 0
Saudi Arabia;2020-03-03;    1;   0;  0; 0;    0;   0;    1;    0;2020;marzec; 3;wtorek;0,0000;0,0000;1,0000; 2; 0
Saudi Arabia;2020-03-04;    1;   0;  0; 0;    0;   0;    1;    0;2020;marzec; 4;środa;0,0000;0,0000;1,0000; 3; 0
Saudi Arabia;2020-03-05;    5;   4;  0; 0;    0;   0;    5;    4;2020;marzec; 5;czwartek;0,0000;0,0000;1,0000; 4; 0
Saudi Arabia;2020-03-06;    5;   0;  0; 0;    0;   0;    5;    0;2020;marzec; 6;piątek;0,0000;0,0000;1,0000; 5; 0
Saudi Arabia;2020-03-07;    5;   0;  0; 0;    0;   0;    5;    0;2020;marzec; 7;sobota;0,0000;0,0000;1,0000; 6; 0
Saudi Arabia;2020-03-08;   11;   6;  0; 0;    0;   0;   11;    6;2020;marzec; 8;niedziela;0,0000;0,0000;1,0000; 7; 0
Saudi Arabia;2020-03-09;   15;   4;  0; 0;    0;   0;   15;    4;2020;marzec; 9;poniedziałek;0,0000;0,0000;1,0000; 8; 0
Saudi Arabia;2020-03-10;   20;   5;  0; 0;    1;   1;   19;    4;2020;marzec;10;wtorek;0,0000;0,0500;0,9500; 9; 0
Saudi Arabia;2020-03-11;   21;   1;  0; 0;    1;   0;   20;    1;2020;marzec;11;środa;0,0000;0,0476;0,9524;10; 0
Saudi Arabia;2020-03-12;   45;  24;  0; 0;    1;   0;   44;   24;2020;marzec;12;czwartek;0,0000;0,0222;0,9778;11; 0
Saudi Arabia;2020-03-13;   86;  41;  0; 0;    1;   0;   85;   41;2020;marzec;13;piątek;0,0000;0,0116;0,9884;12; 0
Saudi Arabia;2020-03-14;  103;  17;  0; 0;    1;   0;  102;   17;2020;marzec;14;sobota;0,0000;0,0097;0,9903;13; 1
Saudi Arabia;2020-03-15;  103;   0;  0; 0;    1;   0;  102;    0;2020;marzec;15;niedziela;0,0000;0,0097;0,9903;14; 2
Saudi Arabia;2020-03-16;  118;  15;  0; 0;    2;   1;  116;   14;2020;marzec;16;poniedziałek;0,0000;0,0169;0,9831;15; 3
Saudi Arabia;2020-03-17;  171;  53;  0; 0;    6;   4;  165;   49;2020;marzec;17;wtorek;0,0000;0,0351;0,9649;16; 4
Saudi Arabia;2020-03-18;  171;   0;  0; 0;    6;   0;  165;    0;2020;marzec;18;środa;0,0000;0,0351;0,9649;17; 5
Saudi Arabia;2020-03-19;  274; 103;  0; 0;    6;   0;  268;  103;2020;marzec;19;czwartek;0,0000;0,0219;0,9781;18; 6
Saudi Arabia;2020-03-20;  344;  70;  0; 0;    8;   2;  336;   68;2020;marzec;20;piątek;0,0000;0,0233;0,9767;19; 7
Saudi Arabia;2020-03-21;  392;  48;  0; 0;   16;   8;  376;   40;2020;marzec;21;sobota;0,0000;0,0408;0,9592;20; 8
Saudi Arabia;2020-03-22;  511; 119;  0; 0;   16;   0;  495;  119;2020;marzec;22;niedziela;0,0000;0,0313;0,9687;21; 9
Saudi Arabia;2020-03-23;  562;  51;  0; 0;   16;   0;  546;   51;2020;marzec;23;poniedziałek;0,0000;0,0285;0,9715;22;10
Saudi Arabia;2020-03-24;  767; 205;  1; 1;   28;  12;  738;  192;2020;marzec;24;wtorek;0,0013;0,0365;0,9622;23;11
Saudi Arabia;2020-03-25;  900; 133;  2; 1;   29;   1;  869;  131;2020;marzec;25;środa;0,0022;0,0322;0,9656;24;12
Saudi Arabia;2020-03-26; 1012; 112;  3; 1;   33;   4;  976;  107;2020;marzec;26;czwartek;0,0030;0,0326;0,9644;25;13
Saudi Arabia;2020-03-27; 1104;  92;  3; 0;   35;   2; 1066;   90;2020;marzec;27;piątek;0,0027;0,0317;0,9656;26;14
Saudi Arabia;2020-03-28; 1203;  99;  4; 1;   37;   2; 1162;   96;2020;marzec;28;sobota;0,0033;0,0308;0,9659;27;15
Saudi Arabia;2020-03-29; 1299;  96;  8; 4;   66;  29; 1225;   63;2020;marzec;29;niedziela;0,0062;0,0508;0,9430;28;16
Saudi Arabia;2020-03-30; 1453; 154;  8; 0;  115;  49; 1330;  105;2020;marzec;30;poniedziałek;0,0055;0,0791;0,9153;29;17
Saudi Arabia;2020-03-31; 1563; 110; 10; 2;  165;  50; 1388;   58;2020;marzec;31;wtorek;0,0064;0,1056;0,8880;30;18
Saudi Arabia;2020-04-01; 1720; 157; 16; 6;  264;  99; 1440;   52;2020;kwiecień; 1;środa;0,0093;0,1535;0,8372;31;19
Saudi Arabia;2020-04-02; 1885; 165; 21; 5;  328;  64; 1536;   96;2020;kwiecień; 2;czwartek;0,0111;0,1740;0,8149;32;20
Saudi Arabia;2020-04-03; 2039; 154; 25; 4;  351;  23; 1663;  127;2020;kwiecień; 3;piątek;0,0123;0,1721;0,8156;33;21
Saudi Arabia;2020-04-04; 2179; 140; 29; 4;  420;  69; 1730;   67;2020;kwiecień; 4;sobota;0,0133;0,1927;0,7939;34;22
Saudi Arabia;2020-04-05; 2402; 223; 34; 5;  488;  68; 1880;  150;2020;kwiecień; 5;niedziela;0,0142;0,2032;0,7827;35;23
Saudi Arabia;2020-04-06; 2605; 203; 38; 4;  551;  63; 2016;  136;2020;kwiecień; 6;poniedziałek;0,0146;0,2115;0,7739;36;24
Saudi Arabia;2020-04-07; 2795; 190; 41; 3;  615;  64; 2139;  123;2020;kwiecień; 7;wtorek;0,0147;0,2200;0,7653;37;25
Saudi Arabia;2020-04-08; 2932; 137; 41; 0;  631;  16; 2260;  121;2020;kwiecień; 8;środa;0,0140;0,2152;0,7708;38;26
Saudi Arabia;2020-04-09; 3287; 355; 44; 3;  666;  35; 2577;  317;2020;kwiecień; 9;czwartek;0,0134;0,2026;0,7840;39;27
Saudi Arabia;2020-04-10; 3651; 364; 47; 3;  685;  19; 2919;  342;2020;kwiecień;10;piątek;0,0129;0,1876;0,7995;40;28
Saudi Arabia;2020-04-11; 4033; 382; 52; 5;  720;  35; 3261;  342;2020;kwiecień;11;sobota;0,0129;0,1785;0,8086;41;29
Saudi Arabia;2020-04-12; 4462; 429; 59; 7;  761;  41; 3642;  381;2020;kwiecień;12;niedziela;0,0132;0,1706;0,8162;42;30
Saudi Arabia;2020-04-13; 4934; 472; 65; 6;  805;  44; 4064;  422;2020;kwiecień;13;poniedziałek;0,0132;0,1632;0,8237;43;31
Saudi Arabia;2020-04-14; 5369; 435; 73; 8;  889;  84; 4407;  343;2020;kwiecień;14;wtorek;0,0136;0,1656;0,8208;44;32
Saudi Arabia;2020-04-15; 5862; 493; 79; 6;  931;  42; 4852;  445;2020;kwiecień;15;środa;0,0135;0,1588;0,8277;45;33
Saudi Arabia;2020-04-16; 6380; 518; 83; 4;  990;  59; 5307;  455;2020;kwiecień;16;czwartek;0,0130;0,1552;0,8318;46;34
Saudi Arabia;2020-04-17; 7142; 762; 87; 4; 1049;  59; 6006;  699;2020;kwiecień;17;piątek;0,0122;0,1469;0,8409;47;35
Saudi Arabia;2020-04-18; 8274;1132; 92; 5; 1329; 280; 6853;  847;2020;kwiecień;18;sobota;0,0111;0,1606;0,8283;48;36
Saudi Arabia;2020-04-19; 9362;1088; 97; 5; 1398;  69; 7867; 1014;2020;kwiecień;19;niedziela;0,0104;0,1493;0,8403;49;37
Saudi Arabia;2020-04-20;10484;1122;103; 6; 1490;  92; 8891; 1024;2020;kwiecień;20;poniedziałek;0,0098;0,1421;0,8481;50;38
Saudi Arabia;2020-04-21;11631;1147;109; 6; 1640; 150; 9882;  991;2020;kwiecień;21;wtorek;0,0094;0,1410;0,8496;51;39
Saudi Arabia;2020-04-22;12772;1141;114; 5; 1812; 172;10846;  964;2020;kwiecień;22;środa;0,0089;0,1419;0,8492;52;40
Saudi Arabia;2020-04-23;13930;1158;121; 7; 1925; 113;11884; 1038;2020;kwiecień;23;czwartek;0,0087;0,1382;0,8531;53;41
Saudi Arabia;2020-04-24;15102;1172;127; 6; 2049; 124;12926; 1042;2020;kwiecień;24;piątek;0,0084;0,1357;0,8559;54;42
Saudi Arabia;2020-04-25;16299;1197;136; 9; 2215; 166;13948; 1022;2020;kwiecień;25;sobota;0,0083;0,1359;0,8558;55;43
Saudi Arabia;2020-04-26;17522;1223;139; 3; 2357; 142;15026; 1078;2020;kwiecień;26;niedziela;0,0079;0,1345;0,8576;56;44
Saudi Arabia;2020-04-27;18811;1289;144; 5; 2531; 174;16136; 1110;2020;kwiecień;27;poniedziałek;0,0077;0,1345;0,8578;57;45
Saudi Arabia;2020-04-28;20077;1266;152; 8; 2784; 253;17141; 1005;2020;kwiecień;28;wtorek;0,0076;0,1387;0,8538;58;46
Saudi Arabia;2020-04-29;21402;1325;157; 5; 2953; 169;18292; 1151;2020;kwiecień;29;środa;0,0073;0,1380;0,8547;59;47
Saudi Arabia;2020-04-30;22753;1351;162; 5; 3163; 210;19428; 1136;2020;kwiecień;30;czwartek;0,0071;0,1390;0,8539;60;48
Saudi Arabia;2020-05-01;24097;1344;169; 7; 3555; 392;20373;  945;2020;maj; 1;piątek;0,0070;0,1475;0,8455;61;49
Saudi Arabia;2020-05-02;25459;1362;176; 7; 3765; 210;21518; 1145;2020;maj; 2;sobota;0,0069;0,1479;0,8452;62;50
Saudi Arabia;2020-05-03;27011;1552;184; 8; 4134; 369;22693; 1175;2020;maj; 3;niedziela;0,0068;0,1530;0,8401;63;51
Saudi Arabia;2020-05-04;28656;1645;191; 7; 4476; 342;23989; 1296;2020;maj; 4;poniedziałek;0,0067;0,1562;0,8371;64;52
Saudi Arabia;2020-05-05;30251;1595;200; 9; 5431; 955;24620;  631;2020;maj; 5;wtorek;0,0066;0,1795;0,8139;65;53
Saudi Arabia;2020-05-06;31938;1687;209; 9; 6783;1352;24946;  326;2020;maj; 6;środa;0,0065;0,2124;0,7811;66;54
Saudi Arabia;2020-05-07;33731;1793;219;10; 7798;1015;25714;  768;2020;maj; 7;czwartek;0,0065;0,2312;0,7623;67;55
Saudi Arabia;2020-05-08;35432;1701;229;10; 9120;1322;26083;  369;2020;maj; 8;piątek;0,0065;0,2574;0,7361;68;56
Saudi Arabia;2020-05-09;37136;1704;239;10;10144;1024;26753;  670;2020;maj; 9;sobota;0,0064;0,2732;0,7204;69;57
Saudi Arabia;2020-05-10;39048;1912;246; 7;11457;1313;27345;  592;2020;maj;10;niedziela;0,0063;0,2934;0,7003;70;58
Saudi Arabia;2020-05-11;41014;1966;255; 9;12737;1280;28022;  677;2020;maj;11;poniedziałek;0,0062;0,3106;0,6832;71;59
Saudi Arabia;2020-05-12;42925;1911;264; 9;15257;2520;27404; -618;2020;maj;12;wtorek;0,0062;0,3554;0,6384;72;60
Saudi Arabia;2020-05-13;44830;1905;273; 9;17622;2365;26935; -469;2020;maj;13;środa;0,0061;0,3931;0,6008;73;61
Saudi Arabia;2020-05-14;46869;2039;283;10;19051;1429;27535;  600;2020;maj;14;czwartek;0,0060;0,4065;0,5875;74;62
Saudi Arabia;2020-05-15;49176;2307;292; 9;21869;2818;27015; -520;2020;maj;15;piątek;0,0059;0,4447;0,5494;75;63
Saudi Arabia;2020-05-16;52016;2840;302;10;23666;1797;28048; 1033;2020;maj;16;sobota;0,0058;0,4550;0,5392;76;64
Saudi Arabia;2020-05-17;54752;2736;312;10;25722;2056;28718;  670;2020;maj;17;niedziela;0,0057;0,4698;0,5245;77;65
Saudi Arabia;2020-05-18;57345;2593;320; 8;28748;3026;28277; -441;2020;maj;18;poniedziałek;0,0056;0,5013;0,4931;78;66
Saudi Arabia;2020-05-19;59854;2509;329; 9;31634;2886;27891; -386;2020;maj;19;wtorek;0,0055;0,5285;0,4660;79;67
Saudi Arabia;2020-05-20;62545;2691;339;10;33478;1844;28728;  837;2020;maj;20;środa;0,0054;0,5353;0,4593;80;68
Saudi Arabia;2020-05-21;65077;2532;351;12;36040;2562;28686;  -42;2020;maj;21;czwartek;0,0054;0,5538;0,4408;81;69
Saudi Arabia;2020-05-22;67719;2642;364;13;39003;2963;28352; -334;2020;maj;22;piątek;0,0054;0,5760;0,4187;82;70
Saudi Arabia;2020-05-23;70161;2442;379;15;41236;2233;28546;  194;2020;maj;23;sobota;0,0054;0,5877;0,4069;83;71
Saudi Arabia;2020-05-24;72560;2399;390;11;43520;2284;28650;  104;2020;maj;24;niedziela;0,0054;0,5998;0,3948;84;72
Saudi Arabia;2020-05-25;74795;2235;399; 9;45668;2148;28728;   78;2020;maj;25;poniedziałek;0,0053;0,6106;0,3841;85;73
Saudi Arabia;2020-05-26;76726;1931;411;12;48450;2782;27865; -863;2020;maj;26;wtorek;0,0054;0,6315;0,3632;86;74
Saudi Arabia;2020-05-27;78541;1815;425;14;51022;2572;27094; -771;2020;maj;27;środa;0,0054;0,6496;0,3450;87;75
Saudi Arabia;2020-05-28;80185;1644;441;16;54553;3531;25191;-1903;2020;maj;28;czwartek;0,0055;0,6803;0,3142;88;76
Saudi Arabia;2020-05-29;81766;1581;458;17;57013;2460;24295; -896;2020;maj;29;piątek;0,0056;0,6973;0,2971;89;77
Saudi Arabia;2020-05-30;83384;1618;480;22;58883;1870;24021; -274;2020;maj;30;sobota;0,0058;0,7062;0,2881;90;78
Saudi Arabia;2020-05-31;85261;1877;503;23;62442;3559;22316;-1705;2020;maj;31;niedziela;0,0059;0,7324;0,2617;91;79
Saudi Arabia;2020-06-01;87142;1881;525;22;64306;1864;22311;   -5;2020;czerwiec; 1;poniedziałek;0,0060;0,7379;0,2560;92;80
Saudi Arabia;2020-06-02;89011;1869;549;24;65790;1484;22672;  361;2020;czerwiec; 2;wtorek;0,0062;0,7391;0,2547;93;81
Saudi Arabia;2020-06-03;91182;2171;579;30;68159;2369;22444; -228;2020;czerwiec; 3;środa;0,0063;0,7475;0,2461;94;82
Saudi Arabia;2020-06-04;93157;1975;611;32;68965; 806;23581; 1137;2020;czerwiec; 4;czwartek;0,0066;0,7403;0,2531;95;83
Saudi Arabia;2020-06-05;95748;2591;642;31;70616;1651;24490;  909;2020;czerwiec; 5;piątek;0,0067;0,7375;0,2558;96;84
