Country;Date;Confirmed;New_Confirmed;Deaths;New_Deaths;Recovered;New_Recovered;Active;New_Active;Year;Month;Day;Week_Day;Deaths_Ratio;Recovered_Ratio;Active_Ratio;Day_Since_1st_Confirmed;Day_Since_100st_Confirmed
Serbia;2020-03-06;    1;  1;  0; 0;    0;   0;   1;    1;2020;marzec; 6;piątek;0,0000;0,0000;1,0000;  1;  0
Serbia;2020-03-07;    1;  0;  0; 0;    0;   0;   1;    0;2020;marzec; 7;sobota;0,0000;0,0000;1,0000;  2;  0
Serbia;2020-03-08;    1;  0;  0; 0;    0;   0;   1;    0;2020;marzec; 8;niedziela;0,0000;0,0000;1,0000;  3;  0
Serbia;2020-03-09;    1;  0;  0; 0;    0;   0;   1;    0;2020;marzec; 9;poniedziałek;0,0000;0,0000;1,0000;  4;  0
Serbia;2020-03-10;    5;  4;  0; 0;    0;   0;   5;    4;2020;marzec;10;wtorek;0,0000;0,0000;1,0000;  5;  0
Serbia;2020-03-11;   12;  7;  0; 0;    0;   0;  12;    7;2020;marzec;11;środa;0,0000;0,0000;1,0000;  6;  0
Serbia;2020-03-12;   19;  7;  0; 0;    0;   0;  19;    7;2020;marzec;12;czwartek;0,0000;0,0000;1,0000;  7;  0
Serbia;2020-03-13;   35; 16;  0; 0;    0;   0;  35;   16;2020;marzec;13;piątek;0,0000;0,0000;1,0000;  8;  0
Serbia;2020-03-14;   46; 11;  0; 0;    0;   0;  46;   11;2020;marzec;14;sobota;0,0000;0,0000;1,0000;  9;  0
Serbia;2020-03-15;   48;  2;  0; 0;    0;   0;  48;    2;2020;marzec;15;niedziela;0,0000;0,0000;1,0000; 10;  0
Serbia;2020-03-16;   55;  7;  0; 0;    1;   1;  54;    6;2020;marzec;16;poniedziałek;0,0000;0,0182;0,9818; 11;  0
Serbia;2020-03-17;   65; 10;  0; 0;    1;   0;  64;   10;2020;marzec;17;wtorek;0,0000;0,0154;0,9846; 12;  0
Serbia;2020-03-18;   83; 18;  0; 0;    1;   0;  82;   18;2020;marzec;18;środa;0,0000;0,0120;0,9880; 13;  0
Serbia;2020-03-19;  103; 20;  0; 0;    1;   0; 102;   20;2020;marzec;19;czwartek;0,0000;0,0097;0,9903; 14;  1
Serbia;2020-03-20;  135; 32;  1; 1;    1;   0; 133;   31;2020;marzec;20;piątek;0,0074;0,0074;0,9852; 15;  2
Serbia;2020-03-21;  171; 36;  1; 0;    1;   0; 169;   36;2020;marzec;21;sobota;0,0058;0,0058;0,9883; 16;  3
Serbia;2020-03-22;  222; 51;  2; 1;    1;   0; 219;   50;2020;marzec;22;niedziela;0,0090;0,0045;0,9865; 17;  4
Serbia;2020-03-23;  249; 27;  3; 1;    1;   0; 245;   26;2020;marzec;23;poniedziałek;0,0120;0,0040;0,9839; 18;  5
Serbia;2020-03-24;  303; 54;  3; 0;   15;  14; 285;   40;2020;marzec;24;wtorek;0,0099;0,0495;0,9406; 19;  6
Serbia;2020-03-25;  384; 81;  4; 1;   15;   0; 365;   80;2020;marzec;25;środa;0,0104;0,0391;0,9505; 20;  7
Serbia;2020-03-26;  384;  0;  1;-3;    0; -15; 383;   18;2020;marzec;26;czwartek;0,0026;0,0000;0,9974; 21;  8
Serbia;2020-03-27;  457; 73;  1; 0;    0;   0; 456;   73;2020;marzec;27;piątek;0,0022;0,0000;0,9978; 22;  9
Serbia;2020-03-28;  659;202; 10; 9;    0;   0; 649;  193;2020;marzec;28;sobota;0,0152;0,0000;0,9848; 23; 10
Serbia;2020-03-29;  741; 82; 13; 3;    0;   0; 728;   79;2020;marzec;29;niedziela;0,0175;0,0000;0,9825; 24; 11
Serbia;2020-03-30;  785; 44; 16; 3;    0;   0; 769;   41;2020;marzec;30;poniedziałek;0,0204;0,0000;0,9796; 25; 12
Serbia;2020-03-31;  900;115; 16; 0;    0;   0; 884;  115;2020;marzec;31;wtorek;0,0178;0,0000;0,9822; 26; 13
Serbia;2020-04-01; 1060;160; 28;12;    0;   0;1032;  148;2020;kwiecień; 1;środa;0,0264;0,0000;0,9736; 27; 14
Serbia;2020-04-02; 1171;111; 31; 3;    0;   0;1140;  108;2020;kwiecień; 2;czwartek;0,0265;0,0000;0,9735; 28; 15
Serbia;2020-04-03; 1476;305; 39; 8;    0;   0;1437;  297;2020;kwiecień; 3;piątek;0,0264;0,0000;0,9736; 29; 16
Serbia;2020-04-04; 1624;148; 44; 5;    0;   0;1580;  143;2020;kwiecień; 4;sobota;0,0271;0,0000;0,9729; 30; 17
Serbia;2020-04-05; 1908;284; 51; 7;    0;   0;1857;  277;2020;kwiecień; 5;niedziela;0,0267;0,0000;0,9733; 31; 18
Serbia;2020-04-06; 2200;292; 58; 7;    0;   0;2142;  285;2020;kwiecień; 6;poniedziałek;0,0264;0,0000;0,9736; 32; 19
Serbia;2020-04-07; 2447;247; 61; 3;    0;   0;2386;  244;2020;kwiecień; 7;wtorek;0,0249;0,0000;0,9751; 33; 20
Serbia;2020-04-08; 2666;219; 65; 4;    0;   0;2601;  215;2020;kwiecień; 8;środa;0,0244;0,0000;0,9756; 34; 21
Serbia;2020-04-09; 2867;201; 66; 1;    0;   0;2801;  200;2020;kwiecień; 9;czwartek;0,0230;0,0000;0,9770; 35; 22
Serbia;2020-04-10; 3105;238; 71; 5;    0;   0;3034;  233;2020;kwiecień;10;piątek;0,0229;0,0000;0,9771; 36; 23
Serbia;2020-04-11; 3380;275; 74; 3;    0;   0;3306;  272;2020;kwiecień;11;sobota;0,0219;0,0000;0,9781; 37; 24
Serbia;2020-04-12; 3630;250; 80; 6;    0;   0;3550;  244;2020;kwiecień;12;niedziela;0,0220;0,0000;0,9780; 38; 25
Serbia;2020-04-13; 4054;424; 85; 5;    0;   0;3969;  419;2020;kwiecień;13;poniedziałek;0,0210;0,0000;0,9790; 39; 26
Serbia;2020-04-14; 4465;411; 94; 9;    0;   0;4371;  402;2020;kwiecień;14;wtorek;0,0211;0,0000;0,9789; 40; 27
Serbia;2020-04-15; 4873;408; 99; 5;    0;   0;4774;  403;2020;kwiecień;15;środa;0,0203;0,0000;0,9797; 41; 28
Serbia;2020-04-16; 5318;445;103; 4;    0;   0;5215;  441;2020;kwiecień;16;czwartek;0,0194;0,0000;0,9806; 42; 29
Serbia;2020-04-17; 5690;372;110; 7;  534; 534;5046; -169;2020;kwiecień;17;piątek;0,0193;0,0938;0,8868; 43; 30
Serbia;2020-04-18; 5994;304;117; 7;  637; 103;5240;  194;2020;kwiecień;18;sobota;0,0195;0,1063;0,8742; 44; 31
Serbia;2020-04-19; 6318;324;122; 5;  753; 116;5443;  203;2020;kwiecień;19;niedziela;0,0193;0,1192;0,8615; 45; 32
Serbia;2020-04-20; 6630;312;125; 3;  870; 117;5635;  192;2020;kwiecień;20;poniedziałek;0,0189;0,1312;0,8499; 46; 33
Serbia;2020-04-21; 6890;260;130; 5;  977; 107;5783;  148;2020;kwiecień;21;wtorek;0,0189;0,1418;0,8393; 47; 34
Serbia;2020-04-22; 7144;254;134; 4; 1025;  48;5985;  202;2020;kwiecień;22;środa;0,0188;0,1435;0,8378; 48; 35
Serbia;2020-04-23; 7276;132;139; 5; 1067;  42;6070;   85;2020;kwiecień;23;czwartek;0,0191;0,1466;0,8342; 49; 36
Serbia;2020-04-24; 7483;207;144; 5; 1094;  27;6245;  175;2020;kwiecień;24;piątek;0,0192;0,1462;0,8346; 50; 37
Serbia;2020-04-25; 7779;296;151; 7; 1152;  58;6476;  231;2020;kwiecień;25;sobota;0,0194;0,1481;0,8325; 51; 38
Serbia;2020-04-26; 8042;263;156; 5; 1182;  30;6704;  228;2020;kwiecień;26;niedziela;0,0194;0,1470;0,8336; 52; 39
Serbia;2020-04-27; 8275;233;162; 6; 1209;  27;6904;  200;2020;kwiecień;27;poniedziałek;0,0196;0,1461;0,8343; 53; 40
Serbia;2020-04-28; 8497;222;168; 6; 1260;  51;7069;  165;2020;kwiecień;28;wtorek;0,0198;0,1483;0,8319; 54; 41
Serbia;2020-04-29; 8724;227;173; 5; 1292;  32;7259;  190;2020;kwiecień;29;środa;0,0198;0,1481;0,8321; 55; 42
Serbia;2020-04-30; 9009;285;179; 6; 1343;  51;7487;  228;2020;kwiecień;30;czwartek;0,0199;0,1491;0,8311; 56; 43
Serbia;2020-05-01; 9009;  0;179; 0; 1343;   0;7487;    0;2020;maj; 1;piątek;0,0199;0,1491;0,8311; 57; 44
Serbia;2020-05-02; 9362;353;189;10; 1426;  83;7747;  260;2020;maj; 2;sobota;0,0202;0,1523;0,8275; 58; 45
Serbia;2020-05-03; 9464;102;193; 4; 1551; 125;7720;  -27;2020;maj; 3;niedziela;0,0204;0,1639;0,8157; 59; 46
Serbia;2020-05-04; 9557; 93;197; 4; 1574;  23;7786;   66;2020;maj; 4;poniedziałek;0,0206;0,1647;0,8147; 60; 47
Serbia;2020-05-05; 9677;120;200; 3; 1723; 149;7754;  -32;2020;maj; 5;wtorek;0,0207;0,1781;0,8013; 61; 48
Serbia;2020-05-06; 9791;114;203; 3; 1971; 248;7617; -137;2020;maj; 6;środa;0,0207;0,2013;0,7780; 62; 49
Serbia;2020-05-07; 9848; 57;206; 3; 2160; 189;7482; -135;2020;maj; 7;czwartek;0,0209;0,2193;0,7597; 63; 50
Serbia;2020-05-08; 9943; 95;209; 3; 2453; 293;7281; -201;2020;maj; 8;piątek;0,0210;0,2467;0,7323; 64; 51
Serbia;2020-05-09;10032; 89;215; 6; 2732; 279;7085; -196;2020;maj; 9;sobota;0,0214;0,2723;0,7062; 65; 52
Serbia;2020-05-10;10032;  0;215; 0; 2732;   0;7085;    0;2020;maj;10;niedziela;0,0214;0,2723;0,7062; 66; 53
Serbia;2020-05-11;10176;144;218; 3; 3290; 558;6668; -417;2020;maj;11;poniedziałek;0,0214;0,3233;0,6553; 67; 54
Serbia;2020-05-12;10243; 67;220; 2; 3600; 310;6423; -245;2020;maj;12;wtorek;0,0215;0,3515;0,6271; 68; 55
Serbia;2020-05-13;10295; 52;222; 2; 3824; 224;6249; -174;2020;maj;13;środa;0,0216;0,3714;0,6070; 69; 56
Serbia;2020-05-14;10374; 79;224; 2; 4084; 260;6066; -183;2020;maj;14;czwartek;0,0216;0,3937;0,5847; 70; 57
Serbia;2020-05-15;10438; 64;225; 1; 4301; 217;5912; -154;2020;maj;15;piątek;0,0216;0,4121;0,5664; 71; 58
Serbia;2020-05-16;10496; 58;228; 3; 4479; 178;5789; -123;2020;maj;16;sobota;0,0217;0,4267;0,5515; 72; 59
Serbia;2020-05-17;10610;114;230; 2; 4713; 234;5667; -122;2020;maj;17;niedziela;0,0217;0,4442;0,5341; 73; 60
Serbia;2020-05-18;10699; 89;231; 1; 4799;  86;5669;    2;2020;maj;18;poniedziałek;0,0216;0,4485;0,5299; 74; 61
Serbia;2020-05-19;10733; 34;234; 3; 4904; 105;5595;  -74;2020;maj;19;wtorek;0,0218;0,4569;0,5213; 75; 62
Serbia;2020-05-20;10833;100;235; 1; 5067; 163;5531;  -64;2020;maj;20;środa;0,0217;0,4677;0,5106; 76; 63
Serbia;2020-05-21;10919; 86;237; 2; 5370; 303;5312; -219;2020;maj;21;czwartek;0,0217;0,4918;0,4865; 77; 64
Serbia;2020-05-22;11024;105;237; 0; 5541; 171;5246;  -66;2020;maj;22;piątek;0,0215;0,5026;0,4759; 78; 65
Serbia;2020-05-23;11092; 68;238; 1; 5699; 158;5155;  -91;2020;maj;23;sobota;0,0215;0,5138;0,4647; 79; 66
Serbia;2020-05-24;11159; 67;238; 0; 5857; 158;5064;  -91;2020;maj;24;niedziela;0,0213;0,5249;0,4538; 80; 67
Serbia;2020-05-25;11193; 34;239; 1; 5920;  63;5034;  -30;2020;maj;25;poniedziałek;0,0214;0,5289;0,4497; 81; 68
Serbia;2020-05-26;11227; 34;239; 0; 6067; 147;4921; -113;2020;maj;26;wtorek;0,0213;0,5404;0,4383; 82; 69
Serbia;2020-05-27;11275; 48;240; 1; 6277; 210;4758; -163;2020;maj;27;środa;0,0213;0,5567;0,4220; 83; 70
Serbia;2020-05-28;11300; 25;241; 1; 6438; 161;4621; -137;2020;maj;28;czwartek;0,0213;0,5697;0,4089; 84; 71
Serbia;2020-05-29;11354; 54;242; 1; 6524;  86;4588;  -33;2020;maj;29;piątek;0,0213;0,5746;0,4041; 85; 72
Serbia;2020-05-30;11381; 27;242; 0; 6606;  82;4533;  -55;2020;maj;30;sobota;0,0213;0,5804;0,3983; 86; 73
Serbia;2020-05-31;11412; 31;243; 1; 6698;  92;4471;  -62;2020;maj;31;niedziela;0,0213;0,5869;0,3918; 87; 74
Serbia;2020-06-01;11430; 18;244; 1; 6726;  28;4460;  -11;2020;czerwiec; 1;poniedziałek;0,0213;0,5885;0,3902; 88; 75
Serbia;2020-06-02;11454; 24;245; 1; 6766;  40;4443;  -17;2020;czerwiec; 2;wtorek;0,0214;0,5907;0,3879; 89; 76
Serbia;2020-06-03;11523; 69;245; 0; 6852;  86;4426;  -17;2020;czerwiec; 3;środa;0,0213;0,5946;0,3841; 90; 77
Serbia;2020-06-04;11571; 48;246; 1; 6910;  58;4415;  -11;2020;czerwiec; 4;czwartek;0,0213;0,5972;0,3816; 91; 78
Serbia;2020-06-05;11667; 96;247; 1; 6931;  21;4489;   74;2020;czerwiec; 5;piątek;0,0212;0,5941;0,3848; 92; 79
Serbia;2020-06-06;11741; 74;248; 1;11056;4125; 437;-4052;2020;czerwiec; 6;sobota;0,0211;0,9417;0,0372; 93; 80
Serbia;2020-06-07;11823; 82;249; 1;11348; 292; 226; -211;2020;czerwiec; 7;niedziela;0,0211;0,9598;0,0191; 94; 81
Serbia;2020-06-08;11896; 73;250; 1;11189;-159; 457;  231;2020;czerwiec; 8;poniedziałek;0,0210;0,9406;0,0384; 95; 82
Serbia;2020-06-09;11965; 69;250; 0;11268;  79; 447;  -10;2020;czerwiec; 9;wtorek;0,0209;0,9417;0,0374; 96; 83
Serbia;2020-06-10;12031; 66;251; 1;11348;  80; 432;  -15;2020;czerwiec;10;środa;0,0209;0,9432;0,0359; 97; 84
Serbia;2020-06-11;12102; 71;252; 1;11362;  14; 488;   56;2020;czerwiec;11;czwartek;0,0208;0,9389;0,0403; 98; 85
Serbia;2020-06-12;12175; 73;252; 0;11411;  49; 512;   24;2020;czerwiec;12;piątek;0,0207;0,9372;0,0421; 99; 86
Serbia;2020-06-13;12251; 76;253; 1;11465;  54; 533;   21;2020;czerwiec;13;sobota;0,0207;0,9358;0,0435;100; 87
Serbia;2020-06-14;12310; 59;254; 1;11511;  46; 545;   12;2020;czerwiec;14;niedziela;0,0206;0,9351;0,0443;101; 88
Serbia;2020-06-15;12367; 57;255; 1;11561;  50; 551;    6;2020;czerwiec;15;poniedziałek;0,0206;0,9348;0,0446;102; 89
Serbia;2020-06-16;12426; 59;256; 1;11624;  63; 546;   -5;2020;czerwiec;16;wtorek;0,0206;0,9355;0,0439;103; 90
Serbia;2020-06-17;12522; 96;257; 1;11697;  73; 568;   22;2020;czerwiec;17;środa;0,0205;0,9341;0,0454;104; 91
Serbia;2020-06-18;12616; 94;258; 1;11769;  72; 589;   21;2020;czerwiec;18;czwartek;0,0205;0,9329;0,0467;105; 92
Serbia;2020-06-19;12709; 93;259; 1;11822;  53; 628;   39;2020;czerwiec;19;piątek;0,0204;0,9302;0,0494;106; 93
Serbia;2020-06-20;12803; 94;260; 1;11889;  67; 654;   26;2020;czerwiec;20;sobota;0,0203;0,9286;0,0511;107; 94
Serbia;2020-06-21;12894; 91;261; 1;11947;  58; 686;   32;2020;czerwiec;21;niedziela;0,0202;0,9266;0,0532;108; 95
Serbia;2020-06-22;12990; 96;262; 1;11997;  50; 731;   45;2020;czerwiec;22;poniedziałek;0,0202;0,9236;0,0563;109; 96
Serbia;2020-06-23;13092;102;263; 1;12054;  57; 775;   44;2020;czerwiec;23;wtorek;0,0201;0,9207;0,0592;110; 97
Serbia;2020-06-24;13235;143;263; 0;12111;  57; 861;   86;2020;czerwiec;24;środa;0,0199;0,9151;0,0651;111; 98
Serbia;2020-06-25;13372;137;264; 1;12154;  43; 954;   93;2020;czerwiec;25;czwartek;0,0197;0,9089;0,0713;112; 99
Serbia;2020-06-26;13565;193;265; 1;12232;  78;1068;  114;2020;czerwiec;26;piątek;0,0195;0,9017;0,0787;113;100
Serbia;2020-06-27;13792;227;267; 2;12338; 106;1187;  119;2020;czerwiec;27;sobota;0,0194;0,8946;0,0861;114;101
Serbia;2020-06-28;14046;254;270; 3;12464; 126;1312;  125;2020;czerwiec;28;niedziela;0,0192;0,8874;0,0934;115;102
Serbia;2020-06-29;14288;242;274; 4;12581; 117;1433;  121;2020;czerwiec;29;poniedziałek;0,0192;0,8805;0,1003;116;103
Serbia;2020-06-30;14564;276;277; 3;12662;  81;1625;  192;2020;czerwiec;30;wtorek;0,0190;0,8694;0,1116;117;104
Serbia;2020-07-01;14836;272;281; 4;12772; 110;1783;  158;2020;lipiec; 1;środa;0,0189;0,8609;0,1202;118;105
Serbia;2020-07-02;15195;359;287; 6;12912; 140;1996;  213;2020;lipiec; 2;czwartek;0,0189;0,8498;0,1314;119;106
Serbia;2020-07-03;15504;309;298;11;13064; 152;2142;  146;2020;lipiec; 3;piątek;0,0192;0,8426;0,1382;120;107
Serbia;2020-07-04;15829;325;306; 8;13176; 112;2347;  205;2020;lipiec; 4;sobota;0,0193;0,8324;0,1483;121;108
Serbia;2020-07-05;16131;302;311; 5;13267;  91;2553;  206;2020;lipiec; 5;niedziela;0,0193;0,8225;0,1583;122;109
Serbia;2020-07-06;16420;289;317; 6;13366;  99;2737;  184;2020;lipiec; 6;poniedziałek;0,0193;0,8140;0,1667;123;110
Serbia;2020-07-07;16719;299;330;13;13447;  81;2942;  205;2020;lipiec; 7;wtorek;0,0197;0,8043;0,1760;124;111
Serbia;2020-07-08;17076;357;341;11;13562; 115;3173;  231;2020;lipiec; 8;środa;0,0200;0,7942;0,1858;125;112
Serbia;2020-07-09;17342;266;352;11;13651;  89;3339;  166;2020;lipiec; 9;czwartek;0,0203;0,7872;0,1925;126;113
Serbia;2020-07-10;17728;386;370;18;13719;  68;3639;  300;2020;lipiec;10;piątek;0,0209;0,7739;0,2053;127;114
Serbia;2020-07-11;18073;345;382;12;13780;  61;3911;  272;2020;lipiec;11;sobota;0,0211;0,7625;0,2164;128;115
Serbia;2020-07-12;18360;287;393;11;13876;  96;4091;  180;2020;lipiec;12;niedziela;0,0214;0,7558;0,2228;129;116
Serbia;2020-07-13;18639;279;405;12;13940;  64;4294;  203;2020;lipiec;13;poniedziałek;0,0217;0,7479;0,2304;130;117
Serbia;2020-07-14;18983;344;418;13;13991;  51;4574;  280;2020;lipiec;14;wtorek;0,0220;0,7370;0,2410;131;118
