Country;Date;Confirmed;New_Confirmed;Deaths;New_Deaths;Recovered;New_Recovered;Active;New_Active;Year;Month;Day;Week_Day;Deaths_Ratio;Recovered_Ratio;Active_Ratio;Day_Since_1st_Confirmed;Day_Since_100st_Confirmed
Sierra Leone;2020-03-31;   1; 1; 0;0;  0; 0;  1;  1;2020;marzec;31;wtorek;0,0000;0,0000;1,0000; 1; 0
Sierra Leone;2020-04-01;   2; 1; 0;0;  0; 0;  2;  1;2020;kwiecień; 1;środa;0,0000;0,0000;1,0000; 2; 0
Sierra Leone;2020-04-02;   2; 0; 0;0;  0; 0;  2;  0;2020;kwiecień; 2;czwartek;0,0000;0,0000;1,0000; 3; 0
Sierra Leone;2020-04-03;   2; 0; 0;0;  0; 0;  2;  0;2020;kwiecień; 3;piątek;0,0000;0,0000;1,0000; 4; 0
Sierra Leone;2020-04-04;   4; 2; 0;0;  0; 0;  4;  2;2020;kwiecień; 4;sobota;0,0000;0,0000;1,0000; 5; 0
Sierra Leone;2020-04-05;   6; 2; 0;0;  0; 0;  6;  2;2020;kwiecień; 5;niedziela;0,0000;0,0000;1,0000; 6; 0
Sierra Leone;2020-04-06;   6; 0; 0;0;  0; 0;  6;  0;2020;kwiecień; 6;poniedziałek;0,0000;0,0000;1,0000; 7; 0
Sierra Leone;2020-04-07;   6; 0; 0;0;  0; 0;  6;  0;2020;kwiecień; 7;wtorek;0,0000;0,0000;1,0000; 8; 0
Sierra Leone;2020-04-08;   7; 1; 0;0;  0; 0;  7;  1;2020;kwiecień; 8;środa;0,0000;0,0000;1,0000; 9; 0
Sierra Leone;2020-04-09;   7; 0; 0;0;  0; 0;  7;  0;2020;kwiecień; 9;czwartek;0,0000;0,0000;1,0000;10; 0
Sierra Leone;2020-04-10;   8; 1; 0;0;  0; 0;  8;  1;2020;kwiecień;10;piątek;0,0000;0,0000;1,0000;11; 0
Sierra Leone;2020-04-11;   8; 0; 0;0;  0; 0;  8;  0;2020;kwiecień;11;sobota;0,0000;0,0000;1,0000;12; 0
Sierra Leone;2020-04-12;  10; 2; 0;0;  0; 0; 10;  2;2020;kwiecień;12;niedziela;0,0000;0,0000;1,0000;13; 0
Sierra Leone;2020-04-13;  10; 0; 0;0;  0; 0; 10;  0;2020;kwiecień;13;poniedziałek;0,0000;0,0000;1,0000;14; 0
Sierra Leone;2020-04-14;  11; 1; 0;0;  0; 0; 11;  1;2020;kwiecień;14;wtorek;0,0000;0,0000;1,0000;15; 0
Sierra Leone;2020-04-15;  13; 2; 0;0;  0; 0; 13;  2;2020;kwiecień;15;środa;0,0000;0,0000;1,0000;16; 0
Sierra Leone;2020-04-16;  15; 2; 0;0;  0; 0; 15;  2;2020;kwiecień;16;czwartek;0,0000;0,0000;1,0000;17; 0
Sierra Leone;2020-04-17;  26;11; 0;0;  0; 0; 26; 11;2020;kwiecień;17;piątek;0,0000;0,0000;1,0000;18; 0
Sierra Leone;2020-04-18;  30; 4; 0;0;  0; 0; 30;  4;2020;kwiecień;18;sobota;0,0000;0,0000;1,0000;19; 0
Sierra Leone;2020-04-19;  35; 5; 0;0;  6; 6; 29; -1;2020;kwiecień;19;niedziela;0,0000;0,1714;0,8286;20; 0
Sierra Leone;2020-04-20;  43; 8; 0;0;  6; 0; 37;  8;2020;kwiecień;20;poniedziałek;0,0000;0,1395;0,8605;21; 0
Sierra Leone;2020-04-21;  50; 7; 0;0;  6; 0; 44;  7;2020;kwiecień;21;wtorek;0,0000;0,1200;0,8800;22; 0
Sierra Leone;2020-04-22;  61;11; 0;0;  6; 0; 55; 11;2020;kwiecień;22;środa;0,0000;0,0984;0,9016;23; 0
Sierra Leone;2020-04-23;  64; 3; 1;1; 10; 4; 53; -2;2020;kwiecień;23;czwartek;0,0156;0,1562;0,8281;24; 0
Sierra Leone;2020-04-24;  82;18; 2;1; 10; 0; 70; 17;2020;kwiecień;24;piątek;0,0244;0,1220;0,8537;25; 0
Sierra Leone;2020-04-25;  82; 0; 2;0; 10; 0; 70;  0;2020;kwiecień;25;sobota;0,0244;0,1220;0,8537;26; 0
Sierra Leone;2020-04-26;  93;11; 4;2; 10; 0; 79;  9;2020;kwiecień;26;niedziela;0,0430;0,1075;0,8495;27; 0
Sierra Leone;2020-04-27;  93; 0; 4;0; 10; 0; 79;  0;2020;kwiecień;27;poniedziałek;0,0430;0,1075;0,8495;28; 0
Sierra Leone;2020-04-28; 104;11; 4;0; 12; 2; 88;  9;2020;kwiecień;28;wtorek;0,0385;0,1154;0,8462;29; 1
Sierra Leone;2020-04-29; 104; 0; 4;0; 12; 0; 88;  0;2020;kwiecień;29;środa;0,0385;0,1154;0,8462;30; 2
Sierra Leone;2020-04-30; 124;20; 7;3; 21; 9; 96;  8;2020;kwiecień;30;czwartek;0,0565;0,1694;0,7742;31; 3
Sierra Leone;2020-05-01; 136;12; 7;0; 21; 0;108; 12;2020;maj; 1;piątek;0,0515;0,1544;0,7941;32; 4
Sierra Leone;2020-05-02; 155;19; 8;1; 21; 0;126; 18;2020;maj; 2;sobota;0,0516;0,1355;0,8129;33; 5
Sierra Leone;2020-05-03; 166;11; 8;0; 29; 8;129;  3;2020;maj; 3;niedziela;0,0482;0,1747;0,7771;34; 6
Sierra Leone;2020-05-04; 178;12; 9;1; 37; 8;132;  3;2020;maj; 4;poniedziałek;0,0506;0,2079;0,7416;35; 7
Sierra Leone;2020-05-05; 199;21;11;2; 43; 6;145; 13;2020;maj; 5;wtorek;0,0553;0,2161;0,7286;36; 8
Sierra Leone;2020-05-06; 225;26;14;3; 54;11;157; 12;2020;maj; 6;środa;0,0622;0,2400;0,6978;37; 9
Sierra Leone;2020-05-07; 231; 6;16;2; 54; 0;161;  4;2020;maj; 7;czwartek;0,0693;0,2338;0,6970;38;10
Sierra Leone;2020-05-08; 257;26;17;1; 54; 0;186; 25;2020;maj; 8;piątek;0,0661;0,2101;0,7237;39;11
Sierra Leone;2020-05-09; 291;34;18;1; 58; 4;215; 29;2020;maj; 9;sobota;0,0619;0,1993;0,7388;40;12
Sierra Leone;2020-05-10; 307;16;18;0; 67; 9;222;  7;2020;maj;10;niedziela;0,0586;0,2182;0,7231;41;13
Sierra Leone;2020-05-11; 338;31;19;1; 72; 5;247; 25;2020;maj;11;poniedziałek;0,0562;0,2130;0,7308;42;14
Sierra Leone;2020-05-12; 338; 0;19;0; 72; 0;247;  0;2020;maj;12;wtorek;0,0562;0,2130;0,7308;43;15
Sierra Leone;2020-05-13; 387;49;26;7; 97;25;264; 17;2020;maj;13;środa;0,0672;0,2506;0,6822;44;16
Sierra Leone;2020-05-14; 408;21;26;0; 97; 0;285; 21;2020;maj;14;czwartek;0,0637;0,2377;0,6985;45;17
Sierra Leone;2020-05-15; 447;39;27;1; 97; 0;323; 38;2020;maj;15;piątek;0,0604;0,2170;0,7226;46;18
Sierra Leone;2020-05-16; 462;15;29;2;106; 9;327;  4;2020;maj;16;sobota;0,0628;0,2294;0,7078;47;19
Sierra Leone;2020-05-17; 505;43;32;3;141;35;332;  5;2020;maj;17;niedziela;0,0634;0,2792;0,6574;48;20
Sierra Leone;2020-05-18; 519;14;33;1;148; 7;338;  6;2020;maj;18;poniedziałek;0,0636;0,2852;0,6513;49;21
Sierra Leone;2020-05-19; 534;15;33;0;167;19;334; -4;2020;maj;19;wtorek;0,0618;0,3127;0,6255;50;22
Sierra Leone;2020-05-20; 570;36;34;1;205;38;331; -3;2020;maj;20;środa;0,0596;0,3596;0,5807;51;23
Sierra Leone;2020-05-21; 585;15;35;1;205; 0;345; 14;2020;maj;21;czwartek;0,0598;0,3504;0,5897;52;24
Sierra Leone;2020-05-22; 606;21;38;3;230;25;338; -7;2020;maj;22;piątek;0,0627;0,3795;0,5578;53;25
Sierra Leone;2020-05-23; 621;15;39;1;241;11;341;  3;2020;maj;23;sobota;0,0628;0,3881;0,5491;54;26
Sierra Leone;2020-05-24; 707;86;40;1;241; 0;426; 85;2020;maj;24;niedziela;0,0566;0,3409;0,6025;55;27
Sierra Leone;2020-05-25; 735;28;42;2;293;52;400;-26;2020;maj;25;poniedziałek;0,0571;0,3986;0,5442;56;28
Sierra Leone;2020-05-26; 754;19;44;2;297; 4;413; 13;2020;maj;26;wtorek;0,0584;0,3939;0,5477;57;29
Sierra Leone;2020-05-27; 782;28;45;1;297; 0;440; 27;2020;maj;27;środa;0,0575;0,3798;0,5627;58;30
Sierra Leone;2020-05-28; 812;30;45;0;361;64;406;-34;2020;maj;28;czwartek;0,0554;0,4446;0,5000;59;31
Sierra Leone;2020-05-29; 829;17;45;0;386;25;398; -8;2020;maj;29;piątek;0,0543;0,4656;0,4801;60;32
Sierra Leone;2020-05-30; 852;23;46;1;415;29;391; -7;2020;maj;30;sobota;0,0540;0,4871;0,4589;61;33
Sierra Leone;2020-05-31; 861; 9;46;0;454;39;361;-30;2020;maj;31;niedziela;0,0534;0,5273;0,4193;62;34
Sierra Leone;2020-06-01; 865; 4;46;0;475;21;344;-17;2020;czerwiec; 1;poniedziałek;0,0532;0,5491;0,3977;63;35
Sierra Leone;2020-06-02; 896;31;46;0;480; 5;370; 26;2020;czerwiec; 2;wtorek;0,0513;0,5357;0,4129;64;36
Sierra Leone;2020-06-03; 909;13;47;1;491;11;371;  1;2020;czerwiec; 3;środa;0,0517;0,5402;0,4081;65;37
Sierra Leone;2020-06-04; 914; 5;47;0;491; 0;376;  5;2020;czerwiec; 4;czwartek;0,0514;0,5372;0,4114;66;38
Sierra Leone;2020-06-05; 929;15;47;0;580;89;302;-74;2020;czerwiec; 5;piątek;0,0506;0,6243;0,3251;67;39
Sierra Leone;2020-06-06; 946;17;48;1;600;20;298; -4;2020;czerwiec; 6;sobota;0,0507;0,6342;0,3150;68;40
Sierra Leone;2020-06-07; 969;23;48;0;608; 8;313; 15;2020;czerwiec; 7;niedziela;0,0495;0,6275;0,3230;69;41
Sierra Leone;2020-06-08;1001;32;49;1;611; 3;341; 28;2020;czerwiec; 8;poniedziałek;0,0490;0,6104;0,3407;70;42
Sierra Leone;2020-06-09;1025;24;50;1;621;10;354; 13;2020;czerwiec; 9;wtorek;0,0488;0,6059;0,3454;71;43
Sierra Leone;2020-06-10;1062;37;50;0;637;16;375; 21;2020;czerwiec;10;środa;0,0471;0,5998;0,3531;72;44
Sierra Leone;2020-06-11;1085;23;50;0;642; 5;393; 18;2020;czerwiec;11;czwartek;0,0461;0,5917;0,3622;73;45
Sierra Leone;2020-06-12;1103;18;51;1;648; 6;404; 11;2020;czerwiec;12;piątek;0,0462;0,5875;0,3663;74;46
Sierra Leone;2020-06-13;1132;29;51;0;670;22;411;  7;2020;czerwiec;13;sobota;0,0451;0,5919;0,3631;75;47
Sierra Leone;2020-06-14;1169;37;51;0;680;10;438; 27;2020;czerwiec;14;niedziela;0,0436;0,5817;0,3747;76;48
Sierra Leone;2020-06-15;1176; 7;51;0;683; 3;442;  4;2020;czerwiec;15;poniedziałek;0,0434;0,5808;0,3759;77;49
Sierra Leone;2020-06-16;1225;49;51;0;686; 3;488; 46;2020;czerwiec;16;wtorek;0,0416;0,5600;0,3984;78;50
Sierra Leone;2020-06-17;1249;24;51;0;707;21;491;  3;2020;czerwiec;17;środa;0,0408;0,5661;0,3931;79;51
Sierra Leone;2020-06-18;1272;23;51;0;710; 3;511; 20;2020;czerwiec;18;czwartek;0,0401;0,5582;0,4017;80;52
Sierra Leone;2020-06-19;1298;26;53;2;732;22;513;  2;2020;czerwiec;19;piątek;0,0408;0,5639;0,3952;81;53
Sierra Leone;2020-06-20;1309;11;53;0;746;14;510; -3;2020;czerwiec;20;sobota;0,0405;0,5699;0,3896;82;54
Sierra Leone;2020-06-21;1327;18;55;2;788;42;484;-26;2020;czerwiec;21;niedziela;0,0414;0,5938;0,3647;83;55
Sierra Leone;2020-06-22;1340;13;55;0;788; 0;497; 13;2020;czerwiec;22;poniedziałek;0,0410;0,5881;0,3709;84;56
Sierra Leone;2020-06-23;1347; 7;55;0;853;65;439;-58;2020;czerwiec;23;wtorek;0,0408;0,6333;0,3259;85;57
