Country;Date;Confirmed;New_Confirmed;Deaths;New_Deaths;Recovered;New_Recovered;Active;New_Active;Year;Month;Day;Week_Day;Deaths_Ratio;Recovered_Ratio;Active_Ratio;Day_Since_1st_Confirmed;Day_Since_100st_Confirmed
Slovenia;2020-03-05;   2; 2;  0;0;   0;   0;   2;    2;2020;marzec; 5;czwartek;0,0000;0,0000;1,0000;  1;  0
Slovenia;2020-03-06;   7; 5;  0;0;   0;   0;   7;    5;2020;marzec; 6;piątek;0,0000;0,0000;1,0000;  2;  0
Slovenia;2020-03-07;   7; 0;  0;0;   0;   0;   7;    0;2020;marzec; 7;sobota;0,0000;0,0000;1,0000;  3;  0
Slovenia;2020-03-08;  16; 9;  0;0;   0;   0;  16;    9;2020;marzec; 8;niedziela;0,0000;0,0000;1,0000;  4;  0
Slovenia;2020-03-09;  16; 0;  0;0;   0;   0;  16;    0;2020;marzec; 9;poniedziałek;0,0000;0,0000;1,0000;  5;  0
Slovenia;2020-03-10;  31;15;  0;0;   0;   0;  31;   15;2020;marzec;10;wtorek;0,0000;0,0000;1,0000;  6;  0
Slovenia;2020-03-11;  57;26;  0;0;   0;   0;  57;   26;2020;marzec;11;środa;0,0000;0,0000;1,0000;  7;  0
Slovenia;2020-03-12;  89;32;  0;0;   0;   0;  89;   32;2020;marzec;12;czwartek;0,0000;0,0000;1,0000;  8;  0
Slovenia;2020-03-13; 141;52;  0;0;   0;   0; 141;   52;2020;marzec;13;piątek;0,0000;0,0000;1,0000;  9;  1
Slovenia;2020-03-14; 181;40;  1;1;   0;   0; 180;   39;2020;marzec;14;sobota;0,0055;0,0000;0,9945; 10;  2
Slovenia;2020-03-15; 219;38;  1;0;   0;   0; 218;   38;2020;marzec;15;niedziela;0,0046;0,0000;0,9954; 11;  3
Slovenia;2020-03-16; 253;34;  1;0;   0;   0; 252;   34;2020;marzec;16;poniedziałek;0,0040;0,0000;0,9960; 12;  4
Slovenia;2020-03-17; 275;22;  1;0;   0;   0; 274;   22;2020;marzec;17;wtorek;0,0036;0,0000;0,9964; 13;  5
Slovenia;2020-03-18; 275; 0;  1;0;   0;   0; 274;    0;2020;marzec;18;środa;0,0036;0,0000;0,9964; 14;  6
Slovenia;2020-03-19; 286;11;  1;0;   0;   0; 285;   11;2020;marzec;19;czwartek;0,0035;0,0000;0,9965; 15;  7
Slovenia;2020-03-20; 341;55;  1;0;   0;   0; 340;   55;2020;marzec;20;piątek;0,0029;0,0000;0,9971; 16;  8
Slovenia;2020-03-21; 383;42;  1;0;   0;   0; 382;   42;2020;marzec;21;sobota;0,0026;0,0000;0,9974; 17;  9
Slovenia;2020-03-22; 414;31;  2;1;   0;   0; 412;   30;2020;marzec;22;niedziela;0,0048;0,0000;0,9952; 18; 10
Slovenia;2020-03-23; 442;28;  3;1;   0;   0; 439;   27;2020;marzec;23;poniedziałek;0,0068;0,0000;0,9932; 19; 11
Slovenia;2020-03-24; 480;38;  4;1;   0;   0; 476;   37;2020;marzec;24;wtorek;0,0083;0,0000;0,9917; 20; 12
Slovenia;2020-03-25; 528;48;  5;1;  10;  10; 513;   37;2020;marzec;25;środa;0,0095;0,0189;0,9716; 21; 13
Slovenia;2020-03-26; 562;34;  6;1;  10;   0; 546;   33;2020;marzec;26;czwartek;0,0107;0,0178;0,9715; 22; 14
Slovenia;2020-03-27; 632;70;  9;3;  10;   0; 613;   67;2020;marzec;27;piątek;0,0142;0,0158;0,9699; 23; 15
Slovenia;2020-03-28; 684;52;  9;0;  10;   0; 665;   52;2020;marzec;28;sobota;0,0132;0,0146;0,9722; 24; 16
Slovenia;2020-03-29; 730;46; 11;2;  10;   0; 709;   44;2020;marzec;29;niedziela;0,0151;0,0137;0,9712; 25; 17
Slovenia;2020-03-30; 756;26; 11;0;  10;   0; 735;   26;2020;marzec;30;poniedziałek;0,0146;0,0132;0,9722; 26; 18
Slovenia;2020-03-31; 802;46; 15;4;  10;   0; 777;   42;2020;marzec;31;wtorek;0,0187;0,0125;0,9688; 27; 19
Slovenia;2020-04-01; 841;39; 15;0;  10;   0; 816;   39;2020;kwiecień; 1;środa;0,0178;0,0119;0,9703; 28; 20
Slovenia;2020-04-02; 897;56; 17;2;  70;  60; 810;   -6;2020;kwiecień; 2;czwartek;0,0190;0,0780;0,9030; 29; 21
Slovenia;2020-04-03; 934;37; 20;3;  70;   0; 844;   34;2020;kwiecień; 3;piątek;0,0214;0,0749;0,9036; 30; 22
Slovenia;2020-04-04; 977;43; 22;2;  79;   9; 876;   32;2020;kwiecień; 4;sobota;0,0225;0,0809;0,8966; 31; 23
Slovenia;2020-04-05; 997;20; 28;6;  79;   0; 890;   14;2020;kwiecień; 5;niedziela;0,0281;0,0792;0,8927; 32; 24
Slovenia;2020-04-06;1021;24; 30;2; 102;  23; 889;   -1;2020;kwiecień; 6;poniedziałek;0,0294;0,0999;0,8707; 33; 25
Slovenia;2020-04-07;1059;38; 36;6; 102;   0; 921;   32;2020;kwiecień; 7;wtorek;0,0340;0,0963;0,8697; 34; 26
Slovenia;2020-04-08;1091;32; 40;4; 120;  18; 931;   10;2020;kwiecień; 8;środa;0,0367;0,1100;0,8533; 35; 27
Slovenia;2020-04-09;1124;33; 43;3; 128;   8; 953;   22;2020;kwiecień; 9;czwartek;0,0383;0,1139;0,8479; 36; 28
Slovenia;2020-04-10;1160;36; 45;2; 137;   9; 978;   25;2020;kwiecień;10;piątek;0,0388;0,1181;0,8431; 37; 29
Slovenia;2020-04-11;1188;28; 50;5; 148;  11; 990;   12;2020;kwiecień;11;sobota;0,0421;0,1246;0,8333; 38; 30
Slovenia;2020-04-12;1205;17; 53;3; 150;   2;1002;   12;2020;kwiecień;12;niedziela;0,0440;0,1245;0,8315; 39; 31
Slovenia;2020-04-13;1212; 7; 55;2; 152;   2;1005;    3;2020;kwiecień;13;poniedziałek;0,0454;0,1254;0,8292; 40; 32
Slovenia;2020-04-14;1220; 8; 56;1; 152;   0;1012;    7;2020;kwiecień;14;wtorek;0,0459;0,1246;0,8295; 41; 33
Slovenia;2020-04-15;1248;28; 61;5; 165;  13;1022;   10;2020;kwiecień;15;środa;0,0489;0,1322;0,8189; 42; 34
Slovenia;2020-04-16;1268;20; 61;0; 174;   9;1033;   11;2020;kwiecień;16;czwartek;0,0481;0,1372;0,8147; 43; 35
Slovenia;2020-04-17;1304;36; 66;5; 174;   0;1064;   31;2020;kwiecień;17;piątek;0,0506;0,1334;0,8160; 44; 36
Slovenia;2020-04-18;1317;13; 70;4; 190;  16;1057;   -7;2020;kwiecień;18;sobota;0,0532;0,1443;0,8026; 45; 37
Slovenia;2020-04-19;1330;13; 74;4; 192;   2;1064;    7;2020;kwiecień;19;niedziela;0,0556;0,1444;0,8000; 46; 38
Slovenia;2020-04-20;1335; 5; 77;3; 193;   1;1065;    1;2020;kwiecień;20;poniedziałek;0,0577;0,1446;0,7978; 47; 39
Slovenia;2020-04-21;1344; 9; 77;0; 197;   4;1070;    5;2020;kwiecień;21;wtorek;0,0573;0,1466;0,7961; 48; 40
Slovenia;2020-04-22;1353; 9; 79;2; 205;   8;1069;   -1;2020;kwiecień;22;środa;0,0584;0,1515;0,7901; 49; 41
Slovenia;2020-04-23;1366;13; 79;0; 211;   6;1076;    7;2020;kwiecień;23;czwartek;0,0578;0,1545;0,7877; 50; 42
Slovenia;2020-04-24;1373; 7; 80;1; 211;   0;1082;    6;2020;kwiecień;24;piątek;0,0583;0,1537;0,7881; 51; 43
Slovenia;2020-04-25;1388;15; 81;1; 219;   8;1088;    6;2020;kwiecień;25;sobota;0,0584;0,1578;0,7839; 52; 44
Slovenia;2020-04-26;1396; 8; 82;1; 221;   2;1093;    5;2020;kwiecień;26;niedziela;0,0587;0,1583;0,7830; 53; 45
Slovenia;2020-04-27;1402; 6; 83;1; 221;   0;1098;    5;2020;kwiecień;27;poniedziałek;0,0592;0,1576;0,7832; 54; 46
Slovenia;2020-04-28;1408; 6; 86;3; 223;   2;1099;    1;2020;kwiecień;28;wtorek;0,0611;0,1584;0,7805; 55; 47
Slovenia;2020-04-29;1418;10; 89;3; 230;   7;1099;    0;2020;kwiecień;29;środa;0,0628;0,1622;0,7750; 56; 48
Slovenia;2020-04-30;1429;11; 91;2; 233;   3;1105;    6;2020;kwiecień;30;czwartek;0,0637;0,1631;0,7733; 57; 49
Slovenia;2020-05-01;1434; 5; 92;1; 233;   0;1109;    4;2020;maj; 1;piątek;0,0642;0,1625;0,7734; 58; 50
Slovenia;2020-05-02;1439; 5; 94;2; 239;   6;1106;   -3;2020;maj; 2;sobota;0,0653;0,1661;0,7686; 59; 51
Slovenia;2020-05-03;1439; 0; 96;2; 241;   2;1102;   -4;2020;maj; 3;niedziela;0,0667;0,1675;0,7658; 60; 52
Slovenia;2020-05-04;1439; 0; 97;1; 241;   0;1101;   -1;2020;maj; 4;poniedziałek;0,0674;0,1675;0,7651; 61; 53
Slovenia;2020-05-05;1445; 6; 98;1; 244;   3;1103;    2;2020;maj; 5;wtorek;0,0678;0,1689;0,7633; 62; 54
Slovenia;2020-05-06;1448; 3; 99;1; 246;   2;1103;    0;2020;maj; 6;środa;0,0684;0,1699;0,7617; 63; 55
Slovenia;2020-05-07;1449; 1; 99;0; 247;   1;1103;    0;2020;maj; 7;czwartek;0,0683;0,1705;0,7612; 64; 56
Slovenia;2020-05-08;1450; 1;100;1; 252;   5;1098;   -5;2020;maj; 8;piątek;0,0690;0,1738;0,7572; 65; 57
Slovenia;2020-05-09;1454; 4;101;1; 255;   3;1098;    0;2020;maj; 9;sobota;0,0695;0,1754;0,7552; 66; 58
Slovenia;2020-05-10;1457; 3;102;1; 256;   1;1099;    1;2020;maj;10;niedziela;0,0700;0,1757;0,7543; 67; 59
Slovenia;2020-05-11;1460; 3;102;0; 256;   0;1102;    3;2020;maj;11;poniedziałek;0,0699;0,1753;0,7548; 68; 60
Slovenia;2020-05-12;1461; 1;102;0; 259;   3;1100;   -2;2020;maj;12;wtorek;0,0698;0,1773;0,7529; 69; 61
Slovenia;2020-05-13;1463; 2;103;1; 260;   1;1100;    0;2020;maj;13;środa;0,0704;0,1777;0,7519; 70; 62
Slovenia;2020-05-14;1464; 1;103;0; 267;   7;1094;   -6;2020;maj;14;czwartek;0,0704;0,1824;0,7473; 71; 63
Slovenia;2020-05-15;1465; 1;103;0; 270;   3;1092;   -2;2020;maj;15;piątek;0,0703;0,1843;0,7454; 72; 64
Slovenia;2020-05-16;1465; 0;103;0; 272;   2;1090;   -2;2020;maj;16;sobota;0,0703;0,1857;0,7440; 73; 65
Slovenia;2020-05-17;1466; 1;104;1; 273;   1;1089;   -1;2020;maj;17;niedziela;0,0709;0,1862;0,7428; 74; 66
Slovenia;2020-05-18;1466; 0;104;0;1335;1062;  27;-1062;2020;maj;18;poniedziałek;0,0709;0,9106;0,0184; 75; 67
Slovenia;2020-05-19;1467; 1;104;0;1338;   3;  25;   -2;2020;maj;19;wtorek;0,0709;0,9121;0,0170; 76; 68
Slovenia;2020-05-20;1468; 1;105;1;1340;   2;  23;   -2;2020;maj;20;środa;0,0715;0,9128;0,0157; 77; 69
Slovenia;2020-05-21;1468; 0;106;1;1340;   0;  22;   -1;2020;maj;21;czwartek;0,0722;0,9128;0,0150; 78; 70
Slovenia;2020-05-22;1468; 0;106;0;1340;   0;  22;    0;2020;maj;22;piątek;0,0722;0,9128;0,0150; 79; 71
Slovenia;2020-05-23;1468; 0;106;0;1340;   0;  22;    0;2020;maj;23;sobota;0,0722;0,9128;0,0150; 80; 72
Slovenia;2020-05-24;1468; 0;107;1;1340;   0;  21;   -1;2020;maj;24;niedziela;0,0729;0,9128;0,0143; 81; 73
Slovenia;2020-05-25;1469; 1;107;0;1346;   6;  16;   -5;2020;maj;25;poniedziałek;0,0728;0,9163;0,0109; 82; 74
Slovenia;2020-05-26;1469; 0;108;1;1346;   0;  15;   -1;2020;maj;26;wtorek;0,0735;0,9163;0,0102; 83; 75
Slovenia;2020-05-27;1471; 2;108;0;1354;   8;   9;   -6;2020;maj;27;środa;0,0734;0,9205;0,0061; 84; 76
Slovenia;2020-05-28;1473; 2;108;0;1356;   2;   9;    0;2020;maj;28;czwartek;0,0733;0,9206;0,0061; 85; 77
Slovenia;2020-05-29;1473; 0;108;0;1357;   1;   8;   -1;2020;maj;29;piątek;0,0733;0,9212;0,0054; 86; 78
Slovenia;2020-05-30;1473; 0;108;0;1357;   0;   8;    0;2020;maj;30;sobota;0,0733;0,9212;0,0054; 87; 79
Slovenia;2020-05-31;1473; 0;108;0;1358;   1;   7;   -1;2020;maj;31;niedziela;0,0733;0,9219;0,0048; 88; 80
Slovenia;2020-06-01;1473; 0;109;1;1358;   0;   6;   -1;2020;czerwiec; 1;poniedziałek;0,0740;0,9219;0,0041; 89; 81
Slovenia;2020-06-02;1475; 2;109;0;1358;   0;   8;    2;2020;czerwiec; 2;wtorek;0,0739;0,9207;0,0054; 90; 82
Slovenia;2020-06-03;1477; 2;109;0;1358;   0;  10;    2;2020;czerwiec; 3;środa;0,0738;0,9194;0,0068; 91; 83
Slovenia;2020-06-04;1477; 0;109;0;1359;   1;   9;   -1;2020;czerwiec; 4;czwartek;0,0738;0,9201;0,0061; 92; 84
Slovenia;2020-06-05;1479; 2;109;0;1359;   0;  11;    2;2020;czerwiec; 5;piątek;0,0737;0,9189;0,0074; 93; 85
Slovenia;2020-06-06;1484; 5;109;0;1359;   0;  16;    5;2020;czerwiec; 6;sobota;0,0735;0,9158;0,0108; 94; 86
Slovenia;2020-06-07;1485; 1;109;0;1359;   0;  17;    1;2020;czerwiec; 7;niedziela;0,0734;0,9152;0,0114; 95; 87
Slovenia;2020-06-08;1485; 0;109;0;1359;   0;  17;    0;2020;czerwiec; 8;poniedziałek;0,0734;0,9152;0,0114; 96; 88
Slovenia;2020-06-09;1486; 1;109;0;1359;   0;  18;    1;2020;czerwiec; 9;wtorek;0,0734;0,9145;0,0121; 97; 89
Slovenia;2020-06-10;1488; 2;109;0;1359;   0;  20;    2;2020;czerwiec;10;środa;0,0733;0,9133;0,0134; 98; 90
Slovenia;2020-06-11;1488; 0;109;0;1359;   0;  20;    0;2020;czerwiec;11;czwartek;0,0733;0,9133;0,0134; 99; 91
Slovenia;2020-06-12;1490; 2;109;0;1359;   0;  22;    2;2020;czerwiec;12;piątek;0,0732;0,9121;0,0148;100; 92
Slovenia;2020-06-13;1492; 2;109;0;1359;   0;  24;    2;2020;czerwiec;13;sobota;0,0731;0,9109;0,0161;101; 93
Slovenia;2020-06-14;1495; 3;109;0;1359;   0;  27;    3;2020;czerwiec;14;niedziela;0,0729;0,9090;0,0181;102; 94
Slovenia;2020-06-15;1496; 1;109;0;1359;   0;  28;    1;2020;czerwiec;15;poniedziałek;0,0729;0,9084;0,0187;103; 95
Slovenia;2020-06-16;1499; 3;109;0;1359;   0;  31;    3;2020;czerwiec;16;wtorek;0,0727;0,9066;0,0207;104; 96
Slovenia;2020-06-17;1503; 4;109;0;1359;   0;  35;    4;2020;czerwiec;17;środa;0,0725;0,9042;0,0233;105; 97
Slovenia;2020-06-18;1511; 8;109;0;1359;   0;  43;    8;2020;czerwiec;18;czwartek;0,0721;0,8994;0,0285;106; 98
Slovenia;2020-06-19;1513; 2;109;0;1359;   0;  45;    2;2020;czerwiec;19;piątek;0,0720;0,8982;0,0297;107; 99
Slovenia;2020-06-20;1519; 6;109;0;1359;   0;  51;    6;2020;czerwiec;20;sobota;0,0718;0,8947;0,0336;108;100
Slovenia;2020-06-21;1520; 1;109;0;1376;  17;  35;  -16;2020;czerwiec;21;niedziela;0,0717;0,9053;0,0230;109;101
Slovenia;2020-06-22;1521; 1;109;0;1376;   0;  36;    1;2020;czerwiec;22;poniedziałek;0,0717;0,9047;0,0237;110;102
Slovenia;2020-06-23;1534;13;109;0;1376;   0;  49;   13;2020;czerwiec;23;wtorek;0,0711;0,8970;0,0319;111;103
Slovenia;2020-06-24;1541; 7;109;0;1376;   0;  56;    7;2020;czerwiec;24;środa;0,0707;0,8929;0,0363;112;104
Slovenia;2020-06-25;1547; 6;109;0;1376;   0;  62;    6;2020;czerwiec;25;czwartek;0,0705;0,8895;0,0401;113;105
Slovenia;2020-06-26;1558;11;109;0;1376;   0;  73;   11;2020;czerwiec;26;piątek;0,0700;0,8832;0,0469;114;106
Slovenia;2020-06-27;1572;14;109;0;1376;   0;  87;   14;2020;czerwiec;27;sobota;0,0693;0,8753;0,0553;115;107
Slovenia;2020-06-28;1581; 9;111;2;1384;   8;  86;   -1;2020;czerwiec;28;niedziela;0,0702;0,8754;0,0544;116;108
Slovenia;2020-06-29;1585; 4;111;0;1384;   0;  90;    4;2020;czerwiec;29;poniedziałek;0,0700;0,8732;0,0568;117;109
Slovenia;2020-06-30;1600;15;111;0;1384;   0; 105;   15;2020;czerwiec;30;wtorek;0,0694;0,8650;0,0656;118;110
Slovenia;2020-07-01;1613;13;111;0;1384;   0; 118;   13;2020;lipiec; 1;środa;0,0688;0,8580;0,0732;119;111
Slovenia;2020-07-02;1634;21;111;0;1384;   0; 139;   21;2020;lipiec; 2;czwartek;0,0679;0,8470;0,0851;120;112
Slovenia;2020-07-03;1650;16;111;0;1384;   0; 155;   16;2020;lipiec; 3;piątek;0,0673;0,8388;0,0939;121;113
Slovenia;2020-07-04;1679;29;111;0;1384;   0; 184;   29;2020;lipiec; 4;sobota;0,0661;0,8243;0,1096;122;114
Slovenia;2020-07-05;1700;21;111;0;1384;   0; 205;   21;2020;lipiec; 5;niedziela;0,0653;0,8141;0,1206;123;115
Slovenia;2020-07-06;1716;16;111;0;1384;   0; 221;   16;2020;lipiec; 6;poniedziałek;0,0647;0,8065;0,1288;124;116
Slovenia;2020-07-07;1739;23;111;0;1423;  39; 205;  -16;2020;lipiec; 7;wtorek;0,0638;0,8183;0,1179;125;117
Slovenia;2020-07-08;1763;24;111;0;1429;   6; 223;   18;2020;lipiec; 8;środa;0,0630;0,8106;0,1265;126;118
Slovenia;2020-07-09;1776;13;111;0;1429;   0; 236;   13;2020;lipiec; 9;czwartek;0,0625;0,8046;0,1329;127;119
Slovenia;2020-07-10;1793;17;111;0;1429;   0; 253;   17;2020;lipiec;10;piątek;0,0619;0,7970;0,1411;128;120
Slovenia;2020-07-11;1827;34;111;0;1429;   0; 287;   34;2020;lipiec;11;sobota;0,0608;0,7822;0,1571;129;121
Slovenia;2020-07-12;1841;14;111;0;1469;  40; 261;  -26;2020;lipiec;12;niedziela;0,0603;0,7979;0,1418;130;122
Slovenia;2020-07-13;1849; 8;111;0;1473;   4; 265;    4;2020;lipiec;13;poniedziałek;0,0600;0,7966;0,1433;131;123
Slovenia;2020-07-14;1859;10;111;0;1488;  15; 260;   -5;2020;lipiec;14;wtorek;0,0597;0,8004;0,1399;132;124
