Country;Date;Confirmed;New_Confirmed;Deaths;New_Deaths;Recovered;New_Recovered;Active;New_Active;Year;Month;Day;Week_Day;Deaths_Ratio;Recovered_Ratio;Active_Ratio;Day_Since_1st_Confirmed;Day_Since_100st_Confirmed
Spain;2020-02-01;     1;     1;    0;    0;     0;   0;     1;     1;2020;February; 1;Saturday;0,0000;0,0000;1,0000;  1; 0
Spain;2020-02-02;     1;     0;    0;    0;     0;   0;     1;     0;2020;February; 2;Sunday;0,0000;0,0000;1,0000;  2; 0
Spain;2020-02-03;     1;     0;    0;    0;     0;   0;     1;     0;2020;February; 3;Monday;0,0000;0,0000;1,0000;  3; 0
Spain;2020-02-04;     1;     0;    0;    0;     0;   0;     1;     0;2020;February; 4;Tuesday;0,0000;0,0000;1,0000;  4; 0
Spain;2020-02-05;     1;     0;    0;    0;     0;   0;     1;     0;2020;February; 5;Wednesday;0,0000;0,0000;1,0000;  5; 0
Spain;2020-02-06;     1;     0;    0;    0;     0;   0;     1;     0;2020;February; 6;Thursday;0,0000;0,0000;1,0000;  6; 0
Spain;2020-02-07;     1;     0;    0;    0;     0;   0;     1;     0;2020;February; 7;Friday;0,0000;0,0000;1,0000;  7; 0
Spain;2020-02-08;     1;     0;    0;    0;     0;   0;     1;     0;2020;February; 8;Saturday;0,0000;0,0000;1,0000;  8; 0
Spain;2020-02-09;     2;     1;    0;    0;     0;   0;     2;     1;2020;February; 9;Sunday;0,0000;0,0000;1,0000;  9; 0
Spain;2020-02-10;     2;     0;    0;    0;     0;   0;     2;     0;2020;February;10;Monday;0,0000;0,0000;1,0000; 10; 0
Spain;2020-02-11;     2;     0;    0;    0;     0;   0;     2;     0;2020;February;11;Tuesday;0,0000;0,0000;1,0000; 11; 0
Spain;2020-02-12;     2;     0;    0;    0;     0;   0;     2;     0;2020;February;12;Wednesday;0,0000;0,0000;1,0000; 12; 0
Spain;2020-02-13;     2;     0;    0;    0;     0;   0;     2;     0;2020;February;13;Thursday;0,0000;0,0000;1,0000; 13; 0
Spain;2020-02-14;     2;     0;    0;    0;     0;   0;     2;     0;2020;February;14;Friday;0,0000;0,0000;1,0000; 14; 0
Spain;2020-02-15;     2;     0;    0;    0;     2;   2;     0;    -2;2020;February;15;Saturday;0,0000;1,0000;0,0000; 15; 0
Spain;2020-02-16;     2;     0;    0;    0;     2;   0;     0;     0;2020;February;16;Sunday;0,0000;1,0000;0,0000; 16; 0
Spain;2020-02-17;     2;     0;    0;    0;     2;   0;     0;     0;2020;February;17;Monday;0,0000;1,0000;0,0000; 17; 0
Spain;2020-02-18;     2;     0;    0;    0;     2;   0;     0;     0;2020;February;18;Tuesday;0,0000;1,0000;0,0000; 18; 0
Spain;2020-02-19;     2;     0;    0;    0;     2;   0;     0;     0;2020;February;19;Wednesday;0,0000;1,0000;0,0000; 19; 0
Spain;2020-02-20;     2;     0;    0;    0;     2;   0;     0;     0;2020;February;20;Thursday;0,0000;1,0000;0,0000; 20; 0
Spain;2020-02-21;     2;     0;    0;    0;     2;   0;     0;     0;2020;February;21;Friday;0,0000;1,0000;0,0000; 21; 0
Spain;2020-02-22;     2;     0;    0;    0;     2;   0;     0;     0;2020;February;22;Saturday;0,0000;1,0000;0,0000; 22; 0
Spain;2020-02-23;     2;     0;    0;    0;     2;   0;     0;     0;2020;February;23;Sunday;0,0000;1,0000;0,0000; 23; 0
Spain;2020-02-24;     2;     0;    0;    0;     2;   0;     0;     0;2020;February;24;Monday;0,0000;1,0000;0,0000; 24; 0
Spain;2020-02-25;     6;     4;    0;    0;     2;   0;     4;     4;2020;February;25;Tuesday;0,0000;0,3333;0,6667; 25; 0
Spain;2020-02-26;    13;     7;    0;    0;     2;   0;    11;     7;2020;February;26;Wednesday;0,0000;0,1538;0,8462; 26; 0
Spain;2020-02-27;    15;     2;    0;    0;     2;   0;    13;     2;2020;February;27;Thursday;0,0000;0,1333;0,8667; 27; 0
Spain;2020-02-28;    32;    17;    0;    0;     2;   0;    30;    17;2020;February;28;Friday;0,0000;0,0625;0,9375; 28; 0
Spain;2020-02-29;    45;    13;    0;    0;     2;   0;    43;    13;2020;February;29;Saturday;0,0000;0,0444;0,9556; 29; 0
Spain;2020-03-01;    84;    39;    0;    0;     2;   0;    82;    39;2020;March; 1;Sunday;0,0000;0,0238;0,9762; 30; 0
Spain;2020-03-02;   120;    36;    0;    0;     2;   0;   118;    36;2020;March; 2;Monday;0,0000;0,0167;0,9833; 31; 1
Spain;2020-03-03;   165;    45;    1;    1;     2;   0;   162;    44;2020;March; 3;Tuesday;0,0061;0,0121;0,9818; 32; 2
Spain;2020-03-04;   222;    57;    2;    1;     2;   0;   218;    56;2020;March; 4;Wednesday;0,0090;0,0090;0,9820; 33; 3
Spain;2020-03-05;   259;    37;    3;    1;     2;   0;   254;    36;2020;March; 5;Thursday;0,0116;0,0077;0,9807; 34; 4
Spain;2020-03-06;   400;   141;    5;    2;     2;   0;   393;   139;2020;March; 6;Friday;0,0125;0,0050;0,9825; 35; 5
Spain;2020-03-07;   500;   100;   10;    5;    30;  28;   460;    67;2020;March; 7;Saturday;0,0200;0,0600;0,9200; 36; 6
Spain;2020-03-08;   673;   173;   17;    7;    30;   0;   626;   166;2020;March; 8;Sunday;0,0253;0,0446;0,9302; 37; 7
Spain;2020-03-09;  1073;   400;   28;   11;    32;   2;  1013;   387;2020;March; 9;Monday;0,0261;0,0298;0,9441; 38; 8
Spain;2020-03-10;  1695;   622;   35;    7;    32;   0;  1628;   615;2020;March;10;Tuesday;0,0206;0,0189;0,9605; 39; 9
Spain;2020-03-11;  2277;   582;   54;   19;   183; 151;  2040;   412;2020;March;11;Wednesday;0,0237;0,0804;0,8959; 40;10
Spain;2020-03-12;  2277;     0;   55;    1;   183;   0;  2039;    -1;2020;March;12;Thursday;0,0242;0,0804;0,8955; 41;11
Spain;2020-03-13;  5232;  2955;  133;   78;   193;  10;  4906;  2867;2020;March;13;Friday;0,0254;0,0369;0,9377; 42;12
Spain;2020-03-14;  6391;  1159;  195;   62;   517; 324;  5679;   773;2020;March;14;Saturday;0,0305;0,0809;0,8886; 43;13
Spain;2020-03-15;  7798;  1407;  289;   94;   517;   0;  6992;  1313;2020;March;15;Sunday;0,0371;0,0663;0,8966; 44;14
Spain;2020-03-16;  9942;  2144;  342;   53;   530;  13;  9070;  2078;2020;March;16;Monday;0,0344;0,0533;0,9123; 45;15
Spain;2020-03-17; 11748;  1806;  533;  191;  1028; 498; 10187;  1117;2020;March;17;Tuesday;0,0454;0,0875;0,8671; 46;16
Spain;2020-03-18; 13910;  2162;  623;   90;  1081;  53; 12206;  2019;2020;March;18;Wednesday;0,0448;0,0777;0,8775; 47;17
Spain;2020-03-19; 17963;  4053;  830;  207;  1107;  26; 16026;  3820;2020;March;19;Thursday;0,0462;0,0616;0,8922; 48;18
Spain;2020-03-20; 20410;  2447; 1043;  213;  1588; 481; 17779;  1753;2020;March;20;Friday;0,0511;0,0778;0,8711; 49;19
Spain;2020-03-21; 25374;  4964; 1375;  332;  2125; 537; 21874;  4095;2020;March;21;Saturday;0,0542;0,0837;0,8621; 50;20
Spain;2020-03-22; 28768;  3394; 1772;  397;  2575; 450; 24421;  2547;2020;March;22;Sunday;0,0616;0,0895;0,8489; 51;21
Spain;2020-03-23; 35136;  6368; 2311;  539;  2575;   0; 30250;  5829;2020;March;23;Monday;0,0658;0,0733;0,8609; 52;22
Spain;2020-03-24; 39885;  4749; 2808;  497;  3794;1219; 33283;  3033;2020;March;24;Tuesday;0,0704;0,0951;0,8345; 53;23
Spain;2020-03-25; 49515;  9630; 3647;  839;  5367;1573; 40501;  7218;2020;March;25;Wednesday;0,0737;0,1084;0,8180; 54;24
Spain;2020-03-26; 57786;  8271; 4365;  718;  7015;1648; 46406;  5905;2020;March;26;Thursday;0,0755;0,1214;0,8031; 55;25
Spain;2020-03-27; 65719;  7933; 5138;  773;  9357;2342; 51224;  4818;2020;March;27;Friday;0,0782;0,1424;0,7794; 56;26
Spain;2020-03-28; 73235;  7516; 5982;  844; 12285;2928; 54968;  3744;2020;March;28;Saturday;0,0817;0,1677;0,7506; 57;27
Spain;2020-03-29; 80110;  6875; 6803;  821; 14709;2424; 58598;  3630;2020;March;29;Sunday;0,0849;0,1836;0,7315; 58;28
Spain;2020-03-30; 87956;  7846; 7716;  913; 16780;2071; 63460;  4862;2020;March;30;Monday;0,0877;0,1908;0,7215; 59;29
Spain;2020-03-31; 95923;  7967; 8464;  748; 19259;2479; 68200;  4740;2020;March;31;Tuesday;0,0882;0,2008;0,7110; 60;30
Spain;2020-04-01;104118;  8195; 9387;  923; 22647;3388; 72084;  3884;2020;April; 1;Wednesday;0,0902;0,2175;0,6923; 61;31
Spain;2020-04-02;112065;  7947;10348;  961; 26743;4096; 74974;  2890;2020;April; 2;Thursday;0,0923;0,2386;0,6690; 62;32
Spain;2020-04-03;119199;  7134;11198;  850; 30513;3770; 77488;  2514;2020;April; 3;Friday;0,0939;0,2560;0,6501; 63;33
Spain;2020-04-04;126168;  6969;11947;  749; 34219;3706; 80002;  2514;2020;April; 4;Saturday;0,0947;0,2712;0,6341; 64;34
Spain;2020-04-05;131646;  5478;12641;  694; 38080;3861; 80925;   923;2020;April; 5;Sunday;0,0960;0,2893;0,6147; 65;35
Spain;2020-04-06;136675;  5029;13341;  700; 40437;2357; 82897;  1972;2020;April; 6;Monday;0,0976;0,2959;0,6065; 66;36
Spain;2020-04-07;141942;  5267;14045;  704; 43208;2771; 84689;  1792;2020;April; 7;Tuesday;0,0989;0,3044;0,5966; 67;37
Spain;2020-04-08;148220;  6278;14792;  747; 48021;4813; 85407;   718;2020;April; 8;Wednesday;0,0998;0,3240;0,5762; 68;38
Spain;2020-04-09;153222;  5002;15447;  655; 52165;4144; 85610;   203;2020;April; 9;Thursday;0,1008;0,3405;0,5587; 69;39
Spain;2020-04-10;158273;  5051;16081;  634; 55668;3503; 86524;   914;2020;April;10;Friday;0,1016;0,3517;0,5467; 70;40
Spain;2020-04-11;163027;  4754;16606;  525; 59109;3441; 87312;   788;2020;April;11;Saturday;0,1019;0,3626;0,5356; 71;41
Spain;2020-04-12;166831;  3804;17209;  603; 62391;3282; 87231;   -81;2020;April;12;Sunday;0,1032;0,3740;0,5229; 72;42
Spain;2020-04-13;170099;  3268;17756;  547; 64727;2336; 87616;   385;2020;April;13;Monday;0,1044;0,3805;0,5151; 73;43
Spain;2020-04-14;172541;  2442;18056;  300; 67504;2777; 86981;  -635;2020;April;14;Tuesday;0,1046;0,3912;0,5041; 74;44
Spain;2020-04-15;177644;  5103;18708;  652; 70853;3349; 88083;  1102;2020;April;15;Wednesday;0,1053;0,3988;0,4958; 75;45
Spain;2020-04-16;184948;  7304;19315;  607; 74797;3944; 90836;  2753;2020;April;16;Thursday;0,1044;0,4044;0,4911; 76;46
Spain;2020-04-17;190839;  5891;20002;  687; 74797;   0; 96040;  5204;2020;April;17;Friday;0,1048;0,3919;0,5033; 77;47
Spain;2020-04-18;191726;   887;20043;   41; 74797;   0; 96886;   846;2020;April;18;Saturday;0,1045;0,3901;0,5053; 78;48
Spain;2020-04-19;198674;  6948;20453;  410; 77357;2560;100864;  3978;2020;April;19;Sunday;0,1029;0,3894;0,5077; 79;49
Spain;2020-04-20;200210;  1536;20852;  399; 80587;3230; 98771; -2093;2020;April;20;Monday;0,1042;0,4025;0,4933; 80;50
Spain;2020-04-21;204178;  3968;21282;  430; 82514;1927;100382;  1611;2020;April;21;Tuesday;0,1042;0,4041;0,4916; 81;51
Spain;2020-04-22;208389;  4211;21717;  435; 85915;3401;100757;   375;2020;April;22;Wednesday;0,1042;0,4123;0,4835; 82;52
Spain;2020-04-23;213024;  4635;22157;  440; 89250;3335;101617;   860;2020;April;23;Thursday;0,1040;0,4190;0,4770; 83;53
Spain;2020-04-24;202990;-10034;22524;  367; 92355;3105; 88111;-13506;2020;April;24;Friday;0,1110;0,4550;0,4341; 84;54
Spain;2020-04-25;205905;  2915;22902;  378; 95708;3353; 87295;  -816;2020;April;25;Saturday;0,1112;0,4648;0,4240; 85;55
Spain;2020-04-26;207634;  1729;23190;  288; 98372;2664; 86072; -1223;2020;April;26;Sunday;0,1117;0,4738;0,4145; 86;56
Spain;2020-04-27;209465;  1831;23521;  331;100875;2503; 85069; -1003;2020;April;27;Monday;0,1123;0,4816;0,4061; 87;57
Spain;2020-04-28;210773;  1308;23822;  301;102548;1673; 84403;  -666;2020;April;28;Tuesday;0,1130;0,4865;0,4004; 88;58
Spain;2020-04-29;212917;  2144;24275;  453;108947;6399; 79695; -4708;2020;April;29;Wednesday;0,1140;0,5117;0,3743; 89;59
Spain;2020-04-30;213435;   518;24543;  268;112050;3103; 76842; -2853;2020;April;30;Thursday;0,1150;0,5250;0,3600; 90;60
Spain;2020-05-01;215216;  1781;24543;    0;112050;   0; 78623;  1781;2020;May; 1;Friday;0,1140;0,5206;0,3653; 91;61
Spain;2020-05-02;216582;  1366;25100;  557;117248;5198; 74234; -4389;2020;May; 2;Saturday;0,1159;0,5414;0,3428; 92;62
Spain;2020-05-03;217466;   884;25264;  164;118902;1654; 73300;  -934;2020;May; 3;Sunday;0,1162;0,5468;0,3371; 93;63
Spain;2020-05-04;218011;   545;25428;  164;121343;2441; 71240; -2060;2020;May; 4;Monday;0,1166;0,5566;0,3268; 94;64
Spain;2020-05-05;219329;  1318;25613;  185;123486;2143; 70230; -1010;2020;May; 5;Tuesday;0,1168;0,5630;0,3202; 95;65
Spain;2020-05-06;220325;   996;25857;  244;126002;2516; 68466; -1764;2020;May; 6;Wednesday;0,1174;0,5719;0,3108; 96;66
Spain;2020-05-07;221447;  1122;26070;  213;128511;2509; 66866; -1600;2020;May; 7;Thursday;0,1177;0,5803;0,3020; 97;67
Spain;2020-05-08;222857;  1410;26299;  229;131148;2637; 65410; -1456;2020;May; 8;Friday;0,1180;0,5885;0,2935; 98;68
Spain;2020-05-09;223578;   721;26478;  179;133952;2804; 63148; -2262;2020;May; 9;Saturday;0,1184;0,5991;0,2824; 99;69
Spain;2020-05-10;224350;   772;26621;  143;136166;2214; 61563; -1585;2020;May;10;Sunday;0,1187;0,6069;0,2744;100;70
Spain;2020-05-11;227436;  3086;26744;  123;137139; 973; 63553;  1990;2020;May;11;Monday;0,1176;0,6030;0,2794;101;71
Spain;2020-05-12;228030;   594;26920;  176;138980;1841; 62130; -1423;2020;May;12;Tuesday;0,1181;0,6095;0,2725;102;72
Spain;2020-05-13;228691;   661;27104;  184;140823;1843; 60764; -1366;2020;May;13;Wednesday;0,1185;0,6158;0,2657;103;73
Spain;2020-05-14;229540;   849;27321;  217;143374;2551; 58845; -1919;2020;May;14;Thursday;0,1190;0,6246;0,2564;104;74
Spain;2020-05-15;230183;   643;27459;  138;144783;1409; 57941;  -904;2020;May;15;Friday;0,1193;0,6290;0,2517;105;75
Spain;2020-05-16;230698;   515;27563;  104;146446;1663; 56689; -1252;2020;May;16;Saturday;0,1195;0,6348;0,2457;106;76
Spain;2020-05-17;230698;     0;27563;    0;146446;   0; 56689;     0;2020;May;17;Sunday;0,1195;0,6348;0,2457;107;77
Spain;2020-05-18;231606;   908;27709;  146;150376;3930; 53521; -3168;2020;May;18;Monday;0,1196;0,6493;0,2311;108;78
Spain;2020-05-19;232037;   431;27778;   69;150376;   0; 53883;   362;2020;May;19;Tuesday;0,1197;0,6481;0,2322;109;79
Spain;2020-05-20;232555;   518;27888;  110;150376;   0; 54291;   408;2020;May;20;Wednesday;0,1199;0,6466;0,2335;110;80
Spain;2020-05-21;233037;   482;27940;   52;150376;   0; 54721;   430;2020;May;21;Thursday;0,1199;0,6453;0,2348;111;81
Spain;2020-05-22;234824;  1787;28628;  688;150376;   0; 55820;  1099;2020;May;22;Friday;0,1219;0,6404;0,2377;112;82
Spain;2020-05-23;235290;   466;28678;   50;150376;   0; 56236;   416;2020;May;23;Saturday;0,1219;0,6391;0,2390;113;83
Spain;2020-05-24;235772;   482;28752;   74;150376;   0; 56644;   408;2020;May;24;Sunday;0,1219;0,6378;0,2402;114;84
Spain;2020-05-25;235400;  -372;26834;-1918;150376;   0; 58190;  1546;2020;May;25;Monday;0,1140;0,6388;0,2472;115;85
Spain;2020-05-26;236259;   859;27117;  283;150376;   0; 58766;   576;2020;May;26;Tuesday;0,1148;0,6365;0,2487;116;86
Spain;2020-05-27;236259;     0;27117;    0;150376;   0; 58766;     0;2020;May;27;Wednesday;0,1148;0,6365;0,2487;117;87
Spain;2020-05-28;237906;  1647;27119;    2;150376;   0; 60411;  1645;2020;May;28;Thursday;0,1140;0,6321;0,2539;118;88
Spain;2020-05-29;238564;   658;27121;    2;150376;   0; 61067;   656;2020;May;29;Friday;0,1137;0,6303;0,2560;119;89
Spain;2020-05-30;239228;   664;27125;    4;150376;   0; 61727;   660;2020;May;30;Saturday;0,1134;0,6286;0,2580;120;90
Spain;2020-05-31;239479;   251;27127;    2;150376;   0; 61976;   249;2020;May;31;Sunday;0,1133;0,6279;0,2588;121;91
Spain;2020-06-01;239638;   159;27127;    0;150376;   0; 62135;   159;2020;June; 1;Monday;0,1132;0,6275;0,2593;122;92
Spain;2020-06-02;239932;   294;27127;    0;150376;   0; 62429;   294;2020;June; 2;Tuesday;0,1131;0,6267;0,2602;123;93
Spain;2020-06-03;240326;   394;27128;    1;150376;   0; 62822;   393;2020;June; 3;Wednesday;0,1129;0,6257;0,2614;124;94
Spain;2020-06-04;240660;   334;27133;    5;150376;   0; 63151;   329;2020;June; 4;Thursday;0,1127;0,6248;0,2624;125;95
Spain;2020-06-05;240978;   318;27134;    1;150376;   0; 63468;   317;2020;June; 5;Friday;0,1126;0,6240;0,2634;126;96
