Country;Date;Confirmed;New_Confirmed;Deaths;New_Deaths;Recovered;New_Recovered;Active;New_Active;Year;Month;Day;Week_Day;Deaths_Ratio;Recovered_Ratio;Active_Ratio;Day_Since_1st_Confirmed;Day_Since_100st_Confirmed
Sudan;2020-03-13;    1;  1;  1; 1;   0;  0;   0;   0;2020;marzec;13;piątek;1,0000;0,0000;0,0000;  1; 0
Sudan;2020-03-14;    1;  0;  1; 0;   0;  0;   0;   0;2020;marzec;14;sobota;1,0000;0,0000;0,0000;  2; 0
Sudan;2020-03-15;    1;  0;  1; 0;   0;  0;   0;   0;2020;marzec;15;niedziela;1,0000;0,0000;0,0000;  3; 0
Sudan;2020-03-16;    1;  0;  1; 0;   0;  0;   0;   0;2020;marzec;16;poniedziałek;1,0000;0,0000;0,0000;  4; 0
Sudan;2020-03-17;    1;  0;  1; 0;   0;  0;   0;   0;2020;marzec;17;wtorek;1,0000;0,0000;0,0000;  5; 0
Sudan;2020-03-18;    2;  1;  1; 0;   0;  0;   1;   1;2020;marzec;18;środa;0,5000;0,0000;0,5000;  6; 0
Sudan;2020-03-19;    2;  0;  1; 0;   0;  0;   1;   0;2020;marzec;19;czwartek;0,5000;0,0000;0,5000;  7; 0
Sudan;2020-03-20;    2;  0;  1; 0;   0;  0;   1;   0;2020;marzec;20;piątek;0,5000;0,0000;0,5000;  8; 0
Sudan;2020-03-21;    2;  0;  1; 0;   0;  0;   1;   0;2020;marzec;21;sobota;0,5000;0,0000;0,5000;  9; 0
Sudan;2020-03-22;    2;  0;  1; 0;   0;  0;   1;   0;2020;marzec;22;niedziela;0,5000;0,0000;0,5000; 10; 0
Sudan;2020-03-23;    2;  0;  1; 0;   0;  0;   1;   0;2020;marzec;23;poniedziałek;0,5000;0,0000;0,5000; 11; 0
Sudan;2020-03-24;    3;  1;  1; 0;   0;  0;   2;   1;2020;marzec;24;wtorek;0,3333;0,0000;0,6667; 12; 0
Sudan;2020-03-25;    3;  0;  1; 0;   0;  0;   2;   0;2020;marzec;25;środa;0,3333;0,0000;0,6667; 13; 0
Sudan;2020-03-26;    3;  0;  1; 0;   0;  0;   2;   0;2020;marzec;26;czwartek;0,3333;0,0000;0,6667; 14; 0
Sudan;2020-03-27;    3;  0;  1; 0;   0;  0;   2;   0;2020;marzec;27;piątek;0,3333;0,0000;0,6667; 15; 0
Sudan;2020-03-28;    5;  2;  1; 0;   0;  0;   4;   2;2020;marzec;28;sobota;0,2000;0,0000;0,8000; 16; 0
Sudan;2020-03-29;    6;  1;  1; 0;   0;  0;   5;   1;2020;marzec;29;niedziela;0,1667;0,0000;0,8333; 17; 0
Sudan;2020-03-30;    6;  0;  2; 1;   0;  0;   4;  -1;2020;marzec;30;poniedziałek;0,3333;0,0000;0,6667; 18; 0
Sudan;2020-03-31;    7;  1;  2; 0;   1;  1;   4;   0;2020;marzec;31;wtorek;0,2857;0,1429;0,5714; 19; 0
Sudan;2020-04-01;    7;  0;  2; 0;   2;  1;   3;  -1;2020;kwiecień; 1;środa;0,2857;0,2857;0,4286; 20; 0
Sudan;2020-04-02;    8;  1;  2; 0;   2;  0;   4;   1;2020;kwiecień; 2;czwartek;0,2500;0,2500;0,5000; 21; 0
Sudan;2020-04-03;   10;  2;  2; 0;   2;  0;   6;   2;2020;kwiecień; 3;piątek;0,2000;0,2000;0,6000; 22; 0
Sudan;2020-04-04;   10;  0;  2; 0;   2;  0;   6;   0;2020;kwiecień; 4;sobota;0,2000;0,2000;0,6000; 23; 0
Sudan;2020-04-05;   12;  2;  2; 0;   2;  0;   8;   2;2020;kwiecień; 5;niedziela;0,1667;0,1667;0,6667; 24; 0
Sudan;2020-04-06;   12;  0;  2; 0;   2;  0;   8;   0;2020;kwiecień; 6;poniedziałek;0,1667;0,1667;0,6667; 25; 0
Sudan;2020-04-07;   14;  2;  2; 0;   2;  0;  10;   2;2020;kwiecień; 7;wtorek;0,1429;0,1429;0,7143; 26; 0
Sudan;2020-04-08;   14;  0;  2; 0;   2;  0;  10;   0;2020;kwiecień; 8;środa;0,1429;0,1429;0,7143; 27; 0
Sudan;2020-04-09;   15;  1;  2; 0;   2;  0;  11;   1;2020;kwiecień; 9;czwartek;0,1333;0,1333;0,7333; 28; 0
Sudan;2020-04-10;   17;  2;  2; 0;   2;  0;  13;   2;2020;kwiecień;10;piątek;0,1176;0,1176;0,7647; 29; 0
Sudan;2020-04-11;   19;  2;  2; 0;   2;  0;  15;   2;2020;kwiecień;11;sobota;0,1053;0,1053;0,7895; 30; 0
Sudan;2020-04-12;   19;  0;  2; 0;   2;  0;  15;   0;2020;kwiecień;12;niedziela;0,1053;0,1053;0,7895; 31; 0
Sudan;2020-04-13;   29; 10;  4; 2;   4;  2;  21;   6;2020;kwiecień;13;poniedziałek;0,1379;0,1379;0,7241; 32; 0
Sudan;2020-04-14;   32;  3;  5; 1;   4;  0;  23;   2;2020;kwiecień;14;wtorek;0,1562;0,1250;0,7188; 33; 0
Sudan;2020-04-15;   32;  0;  5; 0;   4;  0;  23;   0;2020;kwiecień;15;środa;0,1562;0,1250;0,7188; 34; 0
Sudan;2020-04-16;   32;  0;  5; 0;   4;  0;  23;   0;2020;kwiecień;16;czwartek;0,1562;0,1250;0,7188; 35; 0
Sudan;2020-04-17;   33;  1;  6; 1;   4;  0;  23;   0;2020;kwiecień;17;piątek;0,1818;0,1212;0,6970; 36; 0
Sudan;2020-04-18;   66; 33; 10; 4;   6;  2;  50;  27;2020;kwiecień;18;sobota;0,1515;0,0909;0,7576; 37; 0
Sudan;2020-04-19;   66;  0; 10; 0;   6;  0;  50;   0;2020;kwiecień;19;niedziela;0,1515;0,0909;0,7576; 38; 0
Sudan;2020-04-20;  107; 41; 12; 2;   8;  2;  87;  37;2020;kwiecień;20;poniedziałek;0,1121;0,0748;0,8131; 39; 1
Sudan;2020-04-21;  107;  0; 12; 0;   8;  0;  87;   0;2020;kwiecień;21;wtorek;0,1121;0,0748;0,8131; 40; 2
Sudan;2020-04-22;  140; 33; 13; 1;  12;  4; 115;  28;2020;kwiecień;22;środa;0,0929;0,0857;0,8214; 41; 3
Sudan;2020-04-23;  174; 34; 16; 3;  14;  2; 144;  29;2020;kwiecień;23;czwartek;0,0920;0,0805;0,8276; 42; 4
Sudan;2020-04-24;  174;  0; 16; 0;  14;  0; 144;   0;2020;kwiecień;24;piątek;0,0920;0,0805;0,8276; 43; 5
Sudan;2020-04-25;  213; 39; 17; 1;  19;  5; 177;  33;2020;kwiecień;25;sobota;0,0798;0,0892;0,8310; 44; 6
Sudan;2020-04-26;  237; 24; 21; 4;  20;  1; 196;  19;2020;kwiecień;26;niedziela;0,0886;0,0844;0,8270; 45; 7
Sudan;2020-04-27;  275; 38; 22; 1;  21;  1; 232;  36;2020;kwiecień;27;poniedziałek;0,0800;0,0764;0,8436; 46; 8
Sudan;2020-04-28;  318; 43; 25; 3;  31; 10; 262;  30;2020;kwiecień;28;wtorek;0,0786;0,0975;0,8239; 47; 9
Sudan;2020-04-29;  375; 57; 28; 3;  32;  1; 315;  53;2020;kwiecień;29;środa;0,0747;0,0853;0,8400; 48;10
Sudan;2020-04-30;  442; 67; 31; 3;  39;  7; 372;  57;2020;kwiecień;30;czwartek;0,0701;0,0882;0,8416; 49;11
Sudan;2020-05-01;  533; 91; 36; 5;  46;  7; 451;  79;2020;maj; 1;piątek;0,0675;0,0863;0,8462; 50;12
Sudan;2020-05-02;  592; 59; 41; 5;  52;  6; 499;  48;2020;maj; 2;sobota;0,0693;0,0878;0,8429; 51;13
Sudan;2020-05-03;  592;  0; 41; 0;  52;  0; 499;   0;2020;maj; 3;niedziela;0,0693;0,0878;0,8429; 52;14
Sudan;2020-05-04;  678; 86; 41; 0;  61;  9; 576;  77;2020;maj; 4;poniedziałek;0,0605;0,0900;0,8496; 53;15
Sudan;2020-05-05;  778;100; 45; 4;  70;  9; 663;  87;2020;maj; 5;wtorek;0,0578;0,0900;0,8522; 54;16
Sudan;2020-05-06;  852; 74; 49; 4;  80; 10; 723;  60;2020;maj; 6;środa;0,0575;0,0939;0,8486; 55;17
Sudan;2020-05-07;  930; 78; 52; 3;  92; 12; 786;  63;2020;maj; 7;czwartek;0,0559;0,0989;0,8452; 56;18
Sudan;2020-05-08; 1111;181; 59; 7; 102; 10; 950; 164;2020;maj; 8;piątek;0,0531;0,0918;0,8551; 57;19
Sudan;2020-05-09; 1164; 53; 64; 5; 119; 17; 981;  31;2020;maj; 9;sobota;0,0550;0,1022;0,8428; 58;20
Sudan;2020-05-10; 1365;201; 70; 6; 149; 30;1146; 165;2020;maj;10;niedziela;0,0513;0,1092;0,8396; 59;21
Sudan;2020-05-11; 1526;161; 74; 4; 162; 13;1290; 144;2020;maj;11;poniedziałek;0,0485;0,1062;0,8453; 60;22
Sudan;2020-05-12; 1661;135; 80; 6; 173; 11;1408; 118;2020;maj;12;wtorek;0,0482;0,1042;0,8477; 61;23
Sudan;2020-05-13; 1818;157; 90;10; 198; 25;1530; 122;2020;maj;13;środa;0,0495;0,1089;0,8416; 62;24
Sudan;2020-05-14; 1818;  0; 90; 0; 198;  0;1530;   0;2020;maj;14;czwartek;0,0495;0,1089;0,8416; 63;25
Sudan;2020-05-15; 1964;146; 91; 1; 205;  7;1668; 138;2020;maj;15;piątek;0,0463;0,1044;0,8493; 64;26
Sudan;2020-05-16; 2289;325; 97; 6; 222; 17;1970; 302;2020;maj;16;sobota;0,0424;0,0970;0,8606; 65;27
Sudan;2020-05-17; 2289;  0; 97; 0; 222;  0;1970;   0;2020;maj;17;niedziela;0,0424;0,0970;0,8606; 66;28
Sudan;2020-05-18; 2591;302;105; 8; 247; 25;2239; 269;2020;maj;18;poniedziałek;0,0405;0,0953;0,8641; 67;29
Sudan;2020-05-19; 2728;137;111; 6; 286; 39;2331;  92;2020;maj;19;wtorek;0,0407;0,1048;0,8545; 68;30
Sudan;2020-05-20; 2728;  0;111; 0; 286;  0;2331;   0;2020;maj;20;środa;0,0407;0,1048;0,8545; 69;31
Sudan;2020-05-21; 3138;410;121;10; 309; 23;2708; 377;2020;maj;21;czwartek;0,0386;0,0985;0,8630; 70;32
Sudan;2020-05-22; 3378;240;137;16; 372; 63;2869; 161;2020;maj;22;piątek;0,0406;0,1101;0,8493; 71;33
Sudan;2020-05-23; 3628;250;146; 9; 424; 52;3058; 189;2020;maj;23;sobota;0,0402;0,1169;0,8429; 72;34
Sudan;2020-05-24; 3820;192;165;19; 458; 34;3197; 139;2020;maj;24;niedziela;0,0432;0,1199;0,8369; 73;35
Sudan;2020-05-25; 3976;156;170; 5; 503; 45;3303; 106;2020;maj;25;poniedziałek;0,0428;0,1265;0,8307; 74;36
Sudan;2020-05-26; 3976;  0;170; 0; 503;  0;3303;   0;2020;maj;26;wtorek;0,0428;0,1265;0,8307; 75;37
Sudan;2020-05-27; 4346;370;195;25; 749;246;3402;  99;2020;maj;27;środa;0,0449;0,1723;0,7828; 76;38
Sudan;2020-05-28; 4346;  0;195; 0; 749;  0;3402;   0;2020;maj;28;czwartek;0,0449;0,1723;0,7828; 77;39
Sudan;2020-05-29; 4521;175;233;38; 816; 67;3472;  70;2020;maj;29;piątek;0,0515;0,1805;0,7680; 78;40
Sudan;2020-05-30; 4800;279;262;29;1272;456;3266;-206;2020;maj;30;sobota;0,0546;0,2650;0,6804; 79;41
Sudan;2020-05-31; 5026;226;286;24;1423;151;3317;  51;2020;maj;31;niedziela;0,0569;0,2831;0,6600; 80;42
Sudan;2020-06-01; 5173;147;298;12;1522; 99;3353;  36;2020;czerwiec; 1;poniedziałek;0,0576;0,2942;0,6482; 81;43
Sudan;2020-06-02; 5310;137;307; 9;1625;103;3378;  25;2020;czerwiec; 2;wtorek;0,0578;0,3060;0,6362; 82;44
Sudan;2020-06-03; 5499;189;314; 7;1711; 86;3474;  96;2020;czerwiec; 3;środa;0,0571;0,3111;0,6318; 83;45
Sudan;2020-06-04; 5714;215;333;19;1825;114;3556;  82;2020;czerwiec; 4;czwartek;0,0583;0,3194;0,6223; 84;46
Sudan;2020-06-05; 5865;151;347;14;1924; 99;3594;  38;2020;czerwiec; 5;piątek;0,0592;0,3280;0,6128; 85;47
Sudan;2020-06-06; 6081;216;359;12;2014; 90;3708; 114;2020;czerwiec; 6;sobota;0,0590;0,3312;0,6098; 86;48
Sudan;2020-06-07; 6081;  0;359; 0;2014;  0;3708;   0;2020;czerwiec; 7;niedziela;0,0590;0,3312;0,6098; 87;49
Sudan;2020-06-08; 6242;161;372;13;2059; 45;3811; 103;2020;czerwiec; 8;poniedziałek;0,0596;0,3299;0,6105; 88;50
Sudan;2020-06-09; 6427;185;389;17;2127; 68;3911; 100;2020;czerwiec; 9;wtorek;0,0605;0,3309;0,6085; 89;51
Sudan;2020-06-10; 6582;155;401;12;2202; 75;3979;  68;2020;czerwiec;10;środa;0,0609;0,3345;0,6045; 90;52
Sudan;2020-06-11; 6730;148;413;12;2278; 76;4039;  60;2020;czerwiec;11;czwartek;0,0614;0,3385;0,6001; 91;53
Sudan;2020-06-12; 6879;149;433;20;2416;138;4030;  -9;2020;czerwiec;12;piątek;0,0629;0,3512;0,5858; 92;54
Sudan;2020-06-13; 7007;128;447;14;2556;140;4004; -26;2020;czerwiec;13;sobota;0,0638;0,3648;0,5714; 93;55
Sudan;2020-06-14; 7220;213;459;12;2610; 54;4151; 147;2020;czerwiec;14;niedziela;0,0636;0,3615;0,5749; 94;56
Sudan;2020-06-15; 7435;215;468; 9;2720;110;4247;  96;2020;czerwiec;15;poniedziałek;0,0629;0,3658;0,5712; 95;57
Sudan;2020-06-16; 7740;305;477; 9;2820;100;4443; 196;2020;czerwiec;16;wtorek;0,0616;0,3643;0,5740; 96;58
Sudan;2020-06-17; 8020;280;487;10;2966;146;4567; 124;2020;czerwiec;17;środa;0,0607;0,3698;0,5695; 97;59
Sudan;2020-06-18; 8020;  0;487; 0;2966;  0;4567;   0;2020;czerwiec;18;czwartek;0,0607;0,3698;0,5695; 98;60
Sudan;2020-06-19; 8316;296;506;19;3086;120;4724; 157;2020;czerwiec;19;piątek;0,0608;0,3711;0,5681; 99;61
Sudan;2020-06-20; 8580;264;521;15;3325;239;4734;  10;2020;czerwiec;20;sobota;0,0607;0,3875;0,5517;100;62
Sudan;2020-06-21; 8580;  0;521; 0;3325;  0;4734;   0;2020;czerwiec;21;niedziela;0,0607;0,3875;0,5517;101;63
Sudan;2020-06-22; 8698;118;533;12;3460;135;4705; -29;2020;czerwiec;22;poniedziałek;0,0613;0,3978;0,5409;102;64
Sudan;2020-06-23; 8889;191;548;15;3699;239;4642; -63;2020;czerwiec;23;wtorek;0,0616;0,4161;0,5222;103;65
Sudan;2020-06-24; 8889;  0;548; 0;3699;  0;4642;   0;2020;czerwiec;24;środa;0,0616;0,4161;0,5222;104;66
Sudan;2020-06-25; 8984; 95;556; 8;3806;107;4622; -20;2020;czerwiec;25;czwartek;0,0619;0,4236;0,5145;105;67
Sudan;2020-06-26; 9257;273;572;16;4014;208;4671;  49;2020;czerwiec;26;piątek;0,0618;0,4336;0,5046;106;68
Sudan;2020-06-27; 9257;  0;572; 0;4014;  0;4671;   0;2020;czerwiec;27;sobota;0,0618;0,4336;0,5046;107;69
Sudan;2020-06-28; 9257;  0;572; 0;4014;  0;4671;   0;2020;czerwiec;28;niedziela;0,0618;0,4336;0,5046;108;70
Sudan;2020-06-29; 9257;  0;572; 0;4014;  0;4671;   0;2020;czerwiec;29;poniedziałek;0,0618;0,4336;0,5046;109;71
Sudan;2020-06-30; 9257;  0;572; 0;4014;  0;4671;   0;2020;czerwiec;30;wtorek;0,0618;0,4336;0,5046;110;72
Sudan;2020-07-01; 9573;316;602;30;4606;592;4365;-306;2020;lipiec; 1;środa;0,0629;0,4811;0,4560;111;73
Sudan;2020-07-02; 9573;  0;602; 0;4606;  0;4365;   0;2020;lipiec; 2;czwartek;0,0629;0,4811;0,4560;112;74
Sudan;2020-07-03; 9663; 90;604; 2;4624; 18;4435;  70;2020;lipiec; 3;piątek;0,0625;0,4785;0,4590;113;75
Sudan;2020-07-04; 9767;104;608; 4;4673; 49;4486;  51;2020;lipiec; 4;sobota;0,0623;0,4784;0,4593;114;76
Sudan;2020-07-05; 9767;  0;608; 0;4673;  0;4486;   0;2020;lipiec; 5;niedziela;0,0623;0,4784;0,4593;115;77
Sudan;2020-07-06; 9894;127;616; 8;4899;226;4379;-107;2020;lipiec; 6;poniedziałek;0,0623;0,4951;0,4426;116;78
Sudan;2020-07-07; 9997;103;622; 6;5034;135;4341; -38;2020;lipiec; 7;wtorek;0,0622;0,5036;0,4342;117;79
Sudan;2020-07-08;10084; 87;636;14;5074; 40;4374;  33;2020;lipiec; 8;środa;0,0631;0,5032;0,4338;118;80
Sudan;2020-07-09;10158; 74;641; 5;5200;126;4317; -57;2020;lipiec; 9;czwartek;0,0631;0,5119;0,4250;119;81
Sudan;2020-07-10;10204; 46;649; 8;5277; 77;4278; -39;2020;lipiec;10;piątek;0,0636;0,5172;0,4192;120;82
Sudan;2020-07-11;10250; 46;650; 1;5341; 64;4259; -19;2020;lipiec;11;sobota;0,0634;0,5211;0,4155;121;83
Sudan;2020-07-12;10250;  0;650; 0;5341;  0;4259;   0;2020;lipiec;12;niedziela;0,0634;0,5211;0,4155;122;84
Sudan;2020-07-13;10316; 66;657; 7;5403; 62;4256;  -3;2020;lipiec;13;poniedziałek;0,0637;0,5237;0,4126;123;85
Sudan;2020-07-14;10417;101;659; 2;5579;176;4179; -77;2020;lipiec;14;wtorek;0,0633;0,5356;0,4012;124;86
