Country;Date;Confirmed;New_Confirmed;Deaths;New_Deaths;Recovered;New_Recovered;Active;New_Active;Year;Month;Day;Week_Day;Deaths_Ratio;Recovered_Ratio;Active_Ratio;Day_Since_1st_Confirmed;Day_Since_100st_Confirmed
Sweden;2020-01-31;    1;   1;   0;  0;0;0;    1;   1;2020;styczeń;31;piątek;0,0000;0;1,0000;  1;  0
Sweden;2020-02-01;    1;   0;   0;  0;0;0;    1;   0;2020;luty; 1;sobota;0,0000;0;1,0000;  2;  0
Sweden;2020-02-02;    1;   0;   0;  0;0;0;    1;   0;2020;luty; 2;niedziela;0,0000;0;1,0000;  3;  0
Sweden;2020-02-03;    1;   0;   0;  0;0;0;    1;   0;2020;luty; 3;poniedziałek;0,0000;0;1,0000;  4;  0
Sweden;2020-02-04;    1;   0;   0;  0;0;0;    1;   0;2020;luty; 4;wtorek;0,0000;0;1,0000;  5;  0
Sweden;2020-02-05;    1;   0;   0;  0;0;0;    1;   0;2020;luty; 5;środa;0,0000;0;1,0000;  6;  0
Sweden;2020-02-06;    1;   0;   0;  0;0;0;    1;   0;2020;luty; 6;czwartek;0,0000;0;1,0000;  7;  0
Sweden;2020-02-07;    1;   0;   0;  0;0;0;    1;   0;2020;luty; 7;piątek;0,0000;0;1,0000;  8;  0
Sweden;2020-02-08;    1;   0;   0;  0;0;0;    1;   0;2020;luty; 8;sobota;0,0000;0;1,0000;  9;  0
Sweden;2020-02-09;    1;   0;   0;  0;0;0;    1;   0;2020;luty; 9;niedziela;0,0000;0;1,0000; 10;  0
Sweden;2020-02-10;    1;   0;   0;  0;0;0;    1;   0;2020;luty;10;poniedziałek;0,0000;0;1,0000; 11;  0
Sweden;2020-02-11;    1;   0;   0;  0;0;0;    1;   0;2020;luty;11;wtorek;0,0000;0;1,0000; 12;  0
Sweden;2020-02-12;    1;   0;   0;  0;0;0;    1;   0;2020;luty;12;środa;0,0000;0;1,0000; 13;  0
Sweden;2020-02-13;    1;   0;   0;  0;0;0;    1;   0;2020;luty;13;czwartek;0,0000;0;1,0000; 14;  0
Sweden;2020-02-14;    1;   0;   0;  0;0;0;    1;   0;2020;luty;14;piątek;0,0000;0;1,0000; 15;  0
Sweden;2020-02-15;    1;   0;   0;  0;0;0;    1;   0;2020;luty;15;sobota;0,0000;0;1,0000; 16;  0
Sweden;2020-02-16;    1;   0;   0;  0;0;0;    1;   0;2020;luty;16;niedziela;0,0000;0;1,0000; 17;  0
Sweden;2020-02-17;    1;   0;   0;  0;0;0;    1;   0;2020;luty;17;poniedziałek;0,0000;0;1,0000; 18;  0
Sweden;2020-02-18;    1;   0;   0;  0;0;0;    1;   0;2020;luty;18;wtorek;0,0000;0;1,0000; 19;  0
Sweden;2020-02-19;    1;   0;   0;  0;0;0;    1;   0;2020;luty;19;środa;0,0000;0;1,0000; 20;  0
Sweden;2020-02-20;    1;   0;   0;  0;0;0;    1;   0;2020;luty;20;czwartek;0,0000;0;1,0000; 21;  0
Sweden;2020-02-21;    1;   0;   0;  0;0;0;    1;   0;2020;luty;21;piątek;0,0000;0;1,0000; 22;  0
Sweden;2020-02-22;    1;   0;   0;  0;0;0;    1;   0;2020;luty;22;sobota;0,0000;0;1,0000; 23;  0
Sweden;2020-02-23;    1;   0;   0;  0;0;0;    1;   0;2020;luty;23;niedziela;0,0000;0;1,0000; 24;  0
Sweden;2020-02-24;    1;   0;   0;  0;0;0;    1;   0;2020;luty;24;poniedziałek;0,0000;0;1,0000; 25;  0
Sweden;2020-02-25;    1;   0;   0;  0;0;0;    1;   0;2020;luty;25;wtorek;0,0000;0;1,0000; 26;  0
Sweden;2020-02-26;    2;   1;   0;  0;0;0;    2;   1;2020;luty;26;środa;0,0000;0;1,0000; 27;  0
Sweden;2020-02-27;    7;   5;   0;  0;0;0;    7;   5;2020;luty;27;czwartek;0,0000;0;1,0000; 28;  0
Sweden;2020-02-28;    7;   0;   0;  0;0;0;    7;   0;2020;luty;28;piątek;0,0000;0;1,0000; 29;  0
Sweden;2020-02-29;   12;   5;   0;  0;0;0;   12;   5;2020;luty;29;sobota;0,0000;0;1,0000; 30;  0
Sweden;2020-03-01;   14;   2;   0;  0;0;0;   14;   2;2020;marzec; 1;niedziela;0,0000;0;1,0000; 31;  0
Sweden;2020-03-02;   15;   1;   0;  0;0;0;   15;   1;2020;marzec; 2;poniedziałek;0,0000;0;1,0000; 32;  0
Sweden;2020-03-03;   21;   6;   0;  0;0;0;   21;   6;2020;marzec; 3;wtorek;0,0000;0;1,0000; 33;  0
Sweden;2020-03-04;   35;  14;   0;  0;0;0;   35;  14;2020;marzec; 4;środa;0,0000;0;1,0000; 34;  0
Sweden;2020-03-05;   94;  59;   0;  0;0;0;   94;  59;2020;marzec; 5;czwartek;0,0000;0;1,0000; 35;  0
Sweden;2020-03-06;  101;   7;   0;  0;0;0;  101;   7;2020;marzec; 6;piątek;0,0000;0;1,0000; 36;  1
Sweden;2020-03-07;  161;  60;   0;  0;0;0;  161;  60;2020;marzec; 7;sobota;0,0000;0;1,0000; 37;  2
Sweden;2020-03-08;  203;  42;   0;  0;0;0;  203;  42;2020;marzec; 8;niedziela;0,0000;0;1,0000; 38;  3
Sweden;2020-03-09;  248;  45;   0;  0;0;0;  248;  45;2020;marzec; 9;poniedziałek;0,0000;0;1,0000; 39;  4
Sweden;2020-03-10;  355; 107;   0;  0;0;0;  355; 107;2020;marzec;10;wtorek;0,0000;0;1,0000; 40;  5
Sweden;2020-03-11;  500; 145;   1;  1;0;0;  499; 144;2020;marzec;11;środa;0,0020;0;0,9980; 41;  6
Sweden;2020-03-12;  599;  99;   1;  0;0;0;  598;  99;2020;marzec;12;czwartek;0,0017;0;0,9983; 42;  7
Sweden;2020-03-13;  814; 215;   1;  0;0;0;  813; 215;2020;marzec;13;piątek;0,0012;0;0,9988; 43;  8
Sweden;2020-03-14;  961; 147;   2;  1;0;0;  959; 146;2020;marzec;14;sobota;0,0021;0;0,9979; 44;  9
Sweden;2020-03-15; 1022;  61;   3;  1;0;0; 1019;  60;2020;marzec;15;niedziela;0,0029;0;0,9971; 45; 10
Sweden;2020-03-16; 1103;  81;   6;  3;0;0; 1097;  78;2020;marzec;16;poniedziałek;0,0054;0;0,9946; 46; 11
Sweden;2020-03-17; 1190;  87;   7;  1;0;0; 1183;  86;2020;marzec;17;wtorek;0,0059;0;0,9941; 47; 12
Sweden;2020-03-18; 1279;  89;  10;  3;0;0; 1269;  86;2020;marzec;18;środa;0,0078;0;0,9922; 48; 13
Sweden;2020-03-19; 1439; 160;  11;  1;0;0; 1428; 159;2020;marzec;19;czwartek;0,0076;0;0,9924; 49; 14
Sweden;2020-03-20; 1639; 200;  16;  5;0;0; 1623; 195;2020;marzec;20;piątek;0,0098;0;0,9902; 50; 15
Sweden;2020-03-21; 1763; 124;  20;  4;0;0; 1743; 120;2020;marzec;21;sobota;0,0113;0;0,9887; 51; 16
Sweden;2020-03-22; 1934; 171;  21;  1;0;0; 1913; 170;2020;marzec;22;niedziela;0,0109;0;0,9891; 52; 17
Sweden;2020-03-23; 2046; 112;  25;  4;0;0; 2021; 108;2020;marzec;23;poniedziałek;0,0122;0;0,9878; 53; 18
Sweden;2020-03-24; 2286; 240;  36; 11;0;0; 2250; 229;2020;marzec;24;wtorek;0,0157;0;0,9843; 54; 19
Sweden;2020-03-25; 2526; 240;  62; 26;0;0; 2464; 214;2020;marzec;25;środa;0,0245;0;0,9755; 55; 20
Sweden;2020-03-26; 2840; 314;  77; 15;0;0; 2763; 299;2020;marzec;26;czwartek;0,0271;0;0,9729; 56; 21
Sweden;2020-03-27; 3069; 229; 105; 28;0;0; 2964; 201;2020;marzec;27;piątek;0,0342;0;0,9658; 57; 22
Sweden;2020-03-28; 3447; 378; 105;  0;0;0; 3342; 378;2020;marzec;28;sobota;0,0305;0;0,9695; 58; 23
Sweden;2020-03-29; 3700; 253; 110;  5;0;0; 3590; 248;2020;marzec;29;niedziela;0,0297;0;0,9703; 59; 24
Sweden;2020-03-30; 4028; 328; 146; 36;0;0; 3882; 292;2020;marzec;30;poniedziałek;0,0362;0;0,9638; 60; 25
Sweden;2020-03-31; 4435; 407; 180; 34;0;0; 4255; 373;2020;marzec;31;wtorek;0,0406;0;0,9594; 61; 26
Sweden;2020-04-01; 4947; 512; 239; 59;0;0; 4708; 453;2020;kwiecień; 1;środa;0,0483;0;0,9517; 62; 27
Sweden;2020-04-02; 5568; 621; 308; 69;0;0; 5260; 552;2020;kwiecień; 2;czwartek;0,0553;0;0,9447; 63; 28
Sweden;2020-04-03; 6131; 563; 358; 50;0;0; 5773; 513;2020;kwiecień; 3;piątek;0,0584;0;0,9416; 64; 29
Sweden;2020-04-04; 6443; 312; 373; 15;0;0; 6070; 297;2020;kwiecień; 4;sobota;0,0579;0;0,9421; 65; 30
Sweden;2020-04-05; 6830; 387; 401; 28;0;0; 6429; 359;2020;kwiecień; 5;niedziela;0,0587;0;0,9413; 66; 31
Sweden;2020-04-06; 7206; 376; 477; 76;0;0; 6729; 300;2020;kwiecień; 6;poniedziałek;0,0662;0;0,9338; 67; 32
Sweden;2020-04-07; 7693; 487; 591;114;0;0; 7102; 373;2020;kwiecień; 7;wtorek;0,0768;0;0,9232; 68; 33
Sweden;2020-04-08; 8419; 726; 687; 96;0;0; 7732; 630;2020;kwiecień; 8;środa;0,0816;0;0,9184; 69; 34
Sweden;2020-04-09; 9141; 722; 793;106;0;0; 8348; 616;2020;kwiecień; 9;czwartek;0,0868;0;0,9132; 70; 35
Sweden;2020-04-10; 9685; 544; 870; 77;0;0; 8815; 467;2020;kwiecień;10;piątek;0,0898;0;0,9102; 71; 36
Sweden;2020-04-11;10151; 466; 887; 17;0;0; 9264; 449;2020;kwiecień;11;sobota;0,0874;0;0,9126; 72; 37
Sweden;2020-04-12;10483; 332; 899; 12;0;0; 9584; 320;2020;kwiecień;12;niedziela;0,0858;0;0,9142; 73; 38
Sweden;2020-04-13;10948; 465; 919; 20;0;0;10029; 445;2020;kwiecień;13;poniedziałek;0,0839;0;0,9161; 74; 39
Sweden;2020-04-14;11445; 497;1033;114;0;0;10412; 383;2020;kwiecień;14;wtorek;0,0903;0;0,9097; 75; 40
Sweden;2020-04-15;11927; 482;1203;170;0;0;10724; 312;2020;kwiecień;15;środa;0,1009;0;0,8991; 76; 41
Sweden;2020-04-16;12540; 613;1333;130;0;0;11207; 483;2020;kwiecień;16;czwartek;0,1063;0;0,8937; 77; 42
Sweden;2020-04-17;13216; 676;1400; 67;0;0;11816; 609;2020;kwiecień;17;piątek;0,1059;0;0,8941; 78; 43
Sweden;2020-04-18;13822; 606;1511;111;0;0;12311; 495;2020;kwiecień;18;sobota;0,1093;0;0,8907; 79; 44
Sweden;2020-04-19;14385; 563;1540; 29;0;0;12845; 534;2020;kwiecień;19;niedziela;0,1071;0;0,8929; 80; 45
Sweden;2020-04-20;14777; 392;1580; 40;0;0;13197; 352;2020;kwiecień;20;poniedziałek;0,1069;0;0,8931; 81; 46
Sweden;2020-04-21;15322; 545;1765;185;0;0;13557; 360;2020;kwiecień;21;wtorek;0,1152;0;0,8848; 82; 47
Sweden;2020-04-22;16004; 682;1937;172;0;0;14067; 510;2020;kwiecień;22;środa;0,1210;0;0,8790; 83; 48
Sweden;2020-04-23;16755; 751;2021; 84;0;0;14734; 667;2020;kwiecień;23;czwartek;0,1206;0;0,8794; 84; 49
Sweden;2020-04-24;17567; 812;2152;131;0;0;15415; 681;2020;kwiecień;24;piątek;0,1225;0;0,8775; 85; 50
Sweden;2020-04-25;18177; 610;2192; 40;0;0;15985; 570;2020;kwiecień;25;sobota;0,1206;0;0,8794; 86; 51
Sweden;2020-04-26;18640; 463;2194;  2;0;0;16446; 461;2020;kwiecień;26;niedziela;0,1177;0;0,8823; 87; 52
Sweden;2020-04-27;18926; 286;2274; 80;0;0;16652; 206;2020;kwiecień;27;poniedziałek;0,1202;0;0,8798; 88; 53
Sweden;2020-04-28;19621; 695;2355; 81;0;0;17266; 614;2020;kwiecień;28;wtorek;0,1200;0;0,8800; 89; 54
Sweden;2020-04-29;20302; 681;2462;107;0;0;17840; 574;2020;kwiecień;29;środa;0,1213;0;0,8787; 90; 55
Sweden;2020-04-30;21092; 790;2586;124;0;0;18506; 666;2020;kwiecień;30;czwartek;0,1226;0;0,8774; 91; 56
Sweden;2020-05-01;21520; 428;2653; 67;0;0;18867; 361;2020;maj; 1;piątek;0,1233;0;0,8767; 92; 57
Sweden;2020-05-02;22082; 562;2669; 16;0;0;19413; 546;2020;maj; 2;sobota;0,1209;0;0,8791; 93; 58
Sweden;2020-05-03;22317; 235;2679; 10;0;0;19638; 225;2020;maj; 3;niedziela;0,1200;0;0,8800; 94; 59
Sweden;2020-05-04;22721; 404;2769; 90;0;0;19952; 314;2020;maj; 4;poniedziałek;0,1219;0;0,8781; 95; 60
Sweden;2020-05-05;23216; 495;2854; 85;0;0;20362; 410;2020;maj; 5;wtorek;0,1229;0;0,8771; 96; 61
Sweden;2020-05-06;23918; 702;2941; 87;0;0;20977; 615;2020;maj; 6;środa;0,1230;0;0,8770; 97; 62
Sweden;2020-05-07;24623; 705;3040; 99;0;0;21583; 606;2020;maj; 7;czwartek;0,1235;0;0,8765; 98; 63
Sweden;2020-05-08;25265; 642;3175;135;0;0;22090; 507;2020;maj; 8;piątek;0,1257;0;0,8743; 99; 64
Sweden;2020-05-09;25921; 656;3220; 45;0;0;22701; 611;2020;maj; 9;sobota;0,1242;0;0,8758;100; 65
Sweden;2020-05-10;26322; 401;3225;  5;0;0;23097; 396;2020;maj;10;niedziela;0,1225;0;0,8775;101; 66
Sweden;2020-05-11;26670; 348;3256; 31;0;0;23414; 317;2020;maj;11;poniedziałek;0,1221;0;0,8779;102; 67
Sweden;2020-05-12;27272; 602;3313; 57;0;0;23959; 545;2020;maj;12;wtorek;0,1215;0;0,8785;103; 68
Sweden;2020-05-13;27909; 637;3460;147;0;0;24449; 490;2020;maj;13;środa;0,1240;0;0,8760;104; 69
Sweden;2020-05-14;28582; 673;3529; 69;0;0;25053; 604;2020;maj;14;czwartek;0,1235;0;0,8765;105; 70
Sweden;2020-05-15;29207; 625;3646;117;0;0;25561; 508;2020;maj;15;piątek;0,1248;0;0,8752;106; 71
Sweden;2020-05-16;29677; 470;3674; 28;0;0;26003; 442;2020;maj;16;sobota;0,1238;0;0,8762;107; 72
Sweden;2020-05-17;30143; 466;3679;  5;0;0;26464; 461;2020;maj;17;niedziela;0,1221;0;0,8779;108; 73
Sweden;2020-05-18;30377; 234;3698; 19;0;0;26679; 215;2020;maj;18;poniedziałek;0,1217;0;0,8783;109; 74
Sweden;2020-05-19;30799; 422;3743; 45;0;0;27056; 377;2020;maj;19;wtorek;0,1215;0;0,8785;110; 75
Sweden;2020-05-20;31523; 724;3831; 88;0;0;27692; 636;2020;maj;20;środa;0,1215;0;0,8785;111; 76
Sweden;2020-05-21;32172; 649;3871; 40;0;0;28301; 609;2020;maj;21;czwartek;0,1203;0;0,8797;112; 77
Sweden;2020-05-22;32809; 637;3925; 54;0;0;28884; 583;2020;maj;22;piątek;0,1196;0;0,8804;113; 78
Sweden;2020-05-23;33188; 379;3992; 67;0;0;29196; 312;2020;maj;23;sobota;0,1203;0;0,8797;114; 79
Sweden;2020-05-24;33459; 271;3998;  6;0;0;29461; 265;2020;maj;24;niedziela;0,1195;0;0,8805;115; 80
Sweden;2020-05-25;33843; 384;4029; 31;0;0;29814; 353;2020;maj;25;poniedziałek;0,1190;0;0,8810;116; 81
Sweden;2020-05-26;34440; 597;4125; 96;0;0;30315; 501;2020;maj;26;wtorek;0,1198;0;0,8802;117; 82
Sweden;2020-05-27;35088; 648;4220; 95;0;0;30868; 553;2020;maj;27;środa;0,1203;0;0,8797;118; 83
Sweden;2020-05-28;35727; 639;4266; 46;0;0;31461; 593;2020;maj;28;czwartek;0,1194;0;0,8806;119; 84
Sweden;2020-05-29;36476; 749;4350; 84;0;0;32126; 665;2020;maj;29;piątek;0,1193;0;0,8807;120; 85
Sweden;2020-05-30;37113; 637;4395; 45;0;0;32718; 592;2020;maj;30;sobota;0,1184;0;0,8816;121; 86
Sweden;2020-05-31;37542; 429;4395;  0;0;0;33147; 429;2020;maj;31;niedziela;0,1171;0;0,8829;122; 87
Sweden;2020-06-01;37814; 272;4403;  8;0;0;33411; 264;2020;czerwiec; 1;poniedziałek;0,1164;0;0,8836;123; 88
Sweden;2020-06-02;38589; 775;4468; 65;0;0;34121; 710;2020;czerwiec; 2;wtorek;0,1158;0;0,8842;124; 89
Sweden;2020-06-03;40803;2214;4542; 74;0;0;36261;2140;2020;czerwiec; 3;środa;0,1113;0;0,8887;125; 90
Sweden;2020-06-04;41883;1080;4562; 20;0;0;37321;1060;2020;czerwiec; 4;czwartek;0,1089;0;0,8911;126; 91
Sweden;2020-06-05;42939;1056;4639; 77;0;0;38300; 979;2020;czerwiec; 5;piątek;0,1080;0;0,8920;127; 92
Sweden;2020-06-06;43887; 948;4656; 17;0;0;39231; 931;2020;czerwiec; 6;sobota;0,1061;0;0,8939;128; 93
Sweden;2020-06-07;44730; 843;4659;  3;0;0;40071; 840;2020;czerwiec; 7;niedziela;0,1042;0;0,8958;129; 94
Sweden;2020-06-08;45133; 403;4694; 35;0;0;40439; 368;2020;czerwiec; 8;poniedziałek;0,1040;0;0,8960;130; 95
Sweden;2020-06-09;45924; 791;4717; 23;0;0;41207; 768;2020;czerwiec; 9;wtorek;0,1027;0;0,8973;131; 96
Sweden;2020-06-10;46814; 890;4795; 78;0;0;42019; 812;2020;czerwiec;10;środa;0,1024;0;0,8976;132; 97
Sweden;2020-06-11;48288;1474;4814; 19;0;0;43474;1455;2020;czerwiec;11;czwartek;0,0997;0;0,9003;133; 98
Sweden;2020-06-12;49684;1396;4854; 40;0;0;44830;1356;2020;czerwiec;12;piątek;0,0977;0;0,9023;134; 99
Sweden;2020-06-13;50931;1247;4874; 20;0;0;46057;1227;2020;czerwiec;13;sobota;0,0957;0;0,9043;135;100
Sweden;2020-06-14;51614; 683;4874;  0;0;0;46740; 683;2020;czerwiec;14;niedziela;0,0944;0;0,9056;136;101
Sweden;2020-06-15;52383; 769;4891; 17;0;0;47492; 752;2020;czerwiec;15;poniedziałek;0,0934;0;0,9066;137;102
Sweden;2020-06-16;53323; 940;4939; 48;0;0;48384; 892;2020;czerwiec;16;wtorek;0,0926;0;0,9074;138;103
Sweden;2020-06-17;54562;1239;5041;102;0;0;49521;1137;2020;czerwiec;17;środa;0,0924;0;0,9076;139;104
Sweden;2020-06-18;56043;1481;5053; 12;0;0;50990;1469;2020;czerwiec;18;czwartek;0,0902;0;0,9098;140;105
Sweden;2020-06-19;58076;2033;5105; 52;0;0;52971;1981;2020;czerwiec;19;piątek;0,0879;0;0,9121;141;106
Sweden;2020-06-20;58591; 515;5109;  4;0;0;53482; 511;2020;czerwiec;20;sobota;0,0872;0;0,9128;142;107
Sweden;2020-06-21;58848; 257;5111;  2;0;0;53737; 255;2020;czerwiec;21;niedziela;0,0869;0;0,9131;143;108
Sweden;2020-06-22;58932;  84;5122; 11;0;0;53810;  73;2020;czerwiec;22;poniedziałek;0,0869;0;0,9131;144;109
Sweden;2020-06-23;60837;1905;5161; 39;0;0;55676;1866;2020;czerwiec;23;wtorek;0,0848;0;0,9152;145;110
