Country;Date;Confirmed;New_Confirmed;Deaths;New_Deaths;Recovered;New_Recovered;Active;New_Active;Year;Month;Day;Week_Day;Deaths_Ratio;Recovered_Ratio;Active_Ratio;Day_Since_1st_Confirmed;Day_Since_100st_Confirmed
US;2020-01-22;      1;    0;     0;   0;     0;    0;      1;     0;2020;January;22;Wednesday;0,0000;0,0000;1,0000;  1; 0
US;2020-01-23;      1;    0;     0;   0;     0;    0;      1;     0;2020;January;23;Thursday;0,0000;0,0000;1,0000;  2; 0
US;2020-01-24;      2;    1;     0;   0;     0;    0;      2;     1;2020;January;24;Friday;0,0000;0,0000;1,0000;  3; 0
US;2020-01-25;      2;    0;     0;   0;     0;    0;      2;     0;2020;January;25;Saturday;0,0000;0,0000;1,0000;  4; 0
US;2020-01-26;      5;    3;     0;   0;     0;    0;      5;     3;2020;January;26;Sunday;0,0000;0,0000;1,0000;  5; 0
US;2020-01-27;      5;    0;     0;   0;     0;    0;      5;     0;2020;January;27;Monday;0,0000;0,0000;1,0000;  6; 0
US;2020-01-28;      5;    0;     0;   0;     0;    0;      5;     0;2020;January;28;Tuesday;0,0000;0,0000;1,0000;  7; 0
US;2020-01-29;      5;    0;     0;   0;     0;    0;      5;     0;2020;January;29;Wednesday;0,0000;0,0000;1,0000;  8; 0
US;2020-01-30;      5;    0;     0;   0;     0;    0;      5;     0;2020;January;30;Thursday;0,0000;0,0000;1,0000;  9; 0
US;2020-01-31;      7;    2;     0;   0;     0;    0;      7;     2;2020;January;31;Friday;0,0000;0,0000;1,0000; 10; 0
US;2020-02-01;      8;    1;     0;   0;     0;    0;      8;     1;2020;February; 1;Saturday;0,0000;0,0000;1,0000; 11; 0
US;2020-02-02;      8;    0;     0;   0;     0;    0;      8;     0;2020;February; 2;Sunday;0,0000;0,0000;1,0000; 12; 0
US;2020-02-03;     11;    3;     0;   0;     0;    0;     11;     3;2020;February; 3;Monday;0,0000;0,0000;1,0000; 13; 0
US;2020-02-04;     11;    0;     0;   0;     0;    0;     11;     0;2020;February; 4;Tuesday;0,0000;0,0000;1,0000; 14; 0
US;2020-02-05;     11;    0;     0;   0;     0;    0;     11;     0;2020;February; 5;Wednesday;0,0000;0,0000;1,0000; 15; 0
US;2020-02-06;     11;    0;     0;   0;     0;    0;     11;     0;2020;February; 6;Thursday;0,0000;0,0000;1,0000; 16; 0
US;2020-02-07;     11;    0;     0;   0;     0;    0;     11;     0;2020;February; 7;Friday;0,0000;0,0000;1,0000; 17; 0
US;2020-02-08;     11;    0;     0;   0;     0;    0;     11;     0;2020;February; 8;Saturday;0,0000;0,0000;1,0000; 18; 0
US;2020-02-09;     11;    0;     0;   0;     3;    3;      8;    -3;2020;February; 9;Sunday;0,0000;0,2727;0,7273; 19; 0
US;2020-02-10;     11;    0;     0;   0;     3;    0;      8;     0;2020;February;10;Monday;0,0000;0,2727;0,7273; 20; 0
US;2020-02-11;     12;    1;     0;   0;     3;    0;      9;     1;2020;February;11;Tuesday;0,0000;0,2500;0,7500; 21; 0
US;2020-02-12;     12;    0;     0;   0;     3;    0;      9;     0;2020;February;12;Wednesday;0,0000;0,2500;0,7500; 22; 0
US;2020-02-13;     13;    1;     0;   0;     3;    0;     10;     1;2020;February;13;Thursday;0,0000;0,2308;0,7692; 23; 0
US;2020-02-14;     13;    0;     0;   0;     3;    0;     10;     0;2020;February;14;Friday;0,0000;0,2308;0,7692; 24; 0
US;2020-02-15;     13;    0;     0;   0;     3;    0;     10;     0;2020;February;15;Saturday;0,0000;0,2308;0,7692; 25; 0
US;2020-02-16;     13;    0;     0;   0;     3;    0;     10;     0;2020;February;16;Sunday;0,0000;0,2308;0,7692; 26; 0
US;2020-02-17;     13;    0;     0;   0;     3;    0;     10;     0;2020;February;17;Monday;0,0000;0,2308;0,7692; 27; 0
US;2020-02-18;     13;    0;     0;   0;     3;    0;     10;     0;2020;February;18;Tuesday;0,0000;0,2308;0,7692; 28; 0
US;2020-02-19;     13;    0;     0;   0;     3;    0;     10;     0;2020;February;19;Wednesday;0,0000;0,2308;0,7692; 29; 0
US;2020-02-20;     13;    0;     0;   0;     3;    0;     10;     0;2020;February;20;Thursday;0,0000;0,2308;0,7692; 30; 0
US;2020-02-21;     15;    2;     0;   0;     5;    2;     10;     0;2020;February;21;Friday;0,0000;0,3333;0,6667; 31; 0
US;2020-02-22;     15;    0;     0;   0;     5;    0;     10;     0;2020;February;22;Saturday;0,0000;0,3333;0,6667; 32; 0
US;2020-02-23;     15;    0;     0;   0;     5;    0;     10;     0;2020;February;23;Sunday;0,0000;0,3333;0,6667; 33; 0
US;2020-02-24;     51;   36;     0;   0;     5;    0;     46;    36;2020;February;24;Monday;0,0000;0,0980;0,9020; 34; 0
US;2020-02-25;     51;    0;     0;   0;     6;    1;     45;    -1;2020;February;25;Tuesday;0,0000;0,1176;0,8824; 35; 0
US;2020-02-26;     57;    6;     0;   0;     6;    0;     51;     6;2020;February;26;Wednesday;0,0000;0,1053;0,8947; 36; 0
US;2020-02-27;     58;    1;     0;   0;     6;    0;     52;     1;2020;February;27;Thursday;0,0000;0,1034;0,8966; 37; 0
US;2020-02-28;     60;    2;     0;   0;     7;    1;     53;     1;2020;February;28;Friday;0,0000;0,1167;0,8833; 38; 0
US;2020-02-29;     68;    8;     1;   1;     7;    0;     60;     7;2020;February;29;Saturday;0,0147;0,1029;0,8824; 39; 0
US;2020-03-01;     74;    6;     1;   0;     7;    0;     66;     6;2020;March; 1;Sunday;0,0135;0,0946;0,8919; 40; 0
US;2020-03-02;     98;   24;     6;   5;     7;    0;     85;    19;2020;March; 2;Monday;0,0612;0,0714;0,8673; 41; 0
US;2020-03-03;    118;   20;     7;   1;     7;    0;    104;    19;2020;March; 3;Tuesday;0,0593;0,0593;0,8814; 42; 1
US;2020-03-04;    149;   31;    11;   4;     7;    0;    131;    27;2020;March; 4;Wednesday;0,0738;0,0470;0,8792; 43; 2
US;2020-03-05;    219;   70;    12;   1;     7;    0;    200;    69;2020;March; 5;Thursday;0,0548;0,0320;0,9132; 44; 3
US;2020-03-06;    267;   48;    14;   2;     7;    0;    246;    46;2020;March; 6;Friday;0,0524;0,0262;0,9213; 45; 4
US;2020-03-07;    403;  136;    17;   3;     7;    0;    379;   133;2020;March; 7;Saturday;0,0422;0,0174;0,9404; 46; 5
US;2020-03-08;    519;  116;    21;   4;     7;    0;    491;   112;2020;March; 8;Sunday;0,0405;0,0135;0,9461; 47; 6
US;2020-03-09;    588;   69;    22;   1;     7;    0;    559;    68;2020;March; 9;Monday;0,0374;0,0119;0,9507; 48; 7
US;2020-03-10;    962;  374;    28;   6;     8;    1;    926;   367;2020;March;10;Tuesday;0,0291;0,0083;0,9626; 49; 8
US;2020-03-11;   1285;  323;    36;   8;     8;    0;   1241;   315;2020;March;11;Wednesday;0,0280;0,0062;0,9658; 50; 9
US;2020-03-12;   1667;  382;    42;   6;    12;    4;   1613;   372;2020;March;12;Thursday;0,0252;0,0072;0,9676; 51;10
US;2020-03-13;   2181;  514;    50;   8;    12;    0;   2119;   506;2020;March;13;Friday;0,0229;0,0055;0,9716; 52;11
US;2020-03-14;   2729;  548;    60;  10;    12;    0;   2657;   538;2020;March;14;Saturday;0,0220;0,0044;0,9736; 53;12
US;2020-03-15;   3536;  807;    74;  14;    12;    0;   3450;   793;2020;March;15;Sunday;0,0209;0,0034;0,9757; 54;13
US;2020-03-16;   4661; 1125;   100;  26;    17;    5;   4544;  1094;2020;March;16;Monday;0,0215;0,0036;0,9749; 55;14
US;2020-03-17;   6437; 1776;   134;  34;    17;    0;   6286;  1742;2020;March;17;Tuesday;0,0208;0,0026;0,9765; 56;15
US;2020-03-18;   7781; 1344;   165;  31;   105;   88;   7511;  1225;2020;March;18;Wednesday;0,0212;0,0135;0,9653; 57;16
US;2020-03-19;  13748; 5967;   259;  94;   121;   16;  13368;  5857;2020;March;19;Thursday;0,0188;0,0088;0,9724; 58;17
US;2020-03-20;  19274; 5526;   350;  91;   147;   26;  18777;  5409;2020;March;20;Friday;0,0182;0,0076;0,9742; 59;18
US;2020-03-21;  25600; 6326;   442;  92;   176;   29;  24982;  6205;2020;March;21;Saturday;0,0173;0,0069;0,9759; 60;19
US;2020-03-22;  33280; 7680;   587; 145;   178;    2;  32515;  7533;2020;March;22;Sunday;0,0176;0,0053;0,9770; 61;20
US;2020-03-23;  43862;10582;   786; 199;   178;    0;  42898; 10383;2020;March;23;Monday;0,0179;0,0041;0,9780; 62;21
US;2020-03-24;  53925;10063;  1011; 225;   348;  170;  52566;  9668;2020;March;24;Tuesday;0,0187;0,0065;0,9748; 63;22
US;2020-03-25;  65844;11919;  1320; 309;   361;   13;  64163; 11597;2020;March;25;Wednesday;0,0200;0,0055;0,9745; 64;23
US;2020-03-26;  83836;17992;  1726; 406;   681;  320;  81429; 17266;2020;March;26;Thursday;0,0206;0,0081;0,9713; 65;24
US;2020-03-27; 101962;18126;  2269; 543;   869;  188;  98824; 17395;2020;March;27;Friday;0,0223;0,0085;0,9692; 66;25
US;2020-03-28; 121786;19824;  2744; 475;  1072;  203; 117970; 19146;2020;March;28;Saturday;0,0225;0,0088;0,9687; 67;26
US;2020-03-29; 140910;19124;  3420; 676;  2665; 1593; 134825; 16855;2020;March;29;Sunday;0,0243;0,0189;0,9568; 68;27
US;2020-03-30; 162147;21237;  4196; 776;  5644; 2979; 152307; 17482;2020;March;30;Monday;0,0259;0,0348;0,9393; 69;28
US;2020-03-31; 188172;26025;  5367;1171;  7024; 1380; 175781; 23474;2020;March;31;Tuesday;0,0285;0,0373;0,9342; 70;29
US;2020-04-01; 213602;25430;  6511;1144;  8474; 1450; 198617; 22836;2020;April; 1;Wednesday;0,0305;0,0397;0,9298; 71;30
US;2020-04-02; 244008;30406;  7938;1427;  9001;  527; 227069; 28452;2020;April; 2;Thursday;0,0325;0,0369;0,9306; 72;31
US;2020-04-03; 275798;31790;  9260;1322;  9707;  706; 256831; 29762;2020;April; 3;Friday;0,0336;0,0352;0,9312; 73;32
US;2020-04-04; 309027;33229; 10870;1610; 14652; 4945; 283505; 26674;2020;April; 4;Saturday;0,0352;0,0474;0,9174; 74;33
US;2020-04-05; 336802;27775; 12375;1505; 17448; 2796; 306979; 23474;2020;April; 5;Sunday;0,0367;0,0518;0,9115; 75;34
US;2020-04-06; 366317;29515; 13894;1519; 19581; 2133; 332842; 25863;2020;April; 6;Monday;0,0379;0,0535;0,9086; 76;35
US;2020-04-07; 397121;30804; 16191;2297; 21763; 2182; 359167; 26325;2020;April; 7;Tuesday;0,0408;0,0548;0,9044; 77;36
US;2020-04-08; 428654;31533; 18270;2079; 23559; 1796; 386825; 27658;2020;April; 8;Wednesday;0,0426;0,0550;0,9024; 78;37
US;2020-04-09; 463327;34673; 20288;2018; 25410; 1851; 417629; 30804;2020;April; 9;Thursday;0,0438;0,0548;0,9014; 79;38
US;2020-04-10; 496846;33519; 22357;2069; 28790; 3380; 445699; 28070;2020;April;10;Friday;0,0450;0,0579;0,8971; 80;39
US;2020-04-11; 526776;29930; 24366;2009; 31270; 2480; 471140; 25441;2020;April;11;Saturday;0,0463;0,0594;0,8944; 81;40
US;2020-04-12; 555313;28537; 26086;1720; 32988; 1718; 496239; 25099;2020;April;12;Sunday;0,0470;0,0594;0,8936; 82;41
US;2020-04-13; 580624;25311; 27870;1784; 43482;10494; 509272; 13033;2020;April;13;Monday;0,0480;0,0749;0,8771; 83;42
US;2020-04-14; 607670;27046; 30262;2392; 47763; 4281; 529645; 20373;2020;April;14;Tuesday;0,0498;0,0786;0,8716; 84;43
US;2020-04-15; 636674;29004; 32760;2498; 52096; 4333; 551818; 22173;2020;April;15;Wednesday;0,0515;0,0818;0,8667; 85;44
US;2020-04-16; 667981;31307; 34844;2084; 54703; 2607; 578434; 26616;2020;April;16;Thursday;0,0522;0,0819;0,8659; 86;45
US;2020-04-17; 700062;32081; 37428;2584; 58545; 3842; 604089; 25655;2020;April;17;Friday;0,0535;0,0836;0,8629; 87;46
US;2020-04-18; 732590;32528; 39775;2347; 64840; 6295; 627975; 23886;2020;April;18;Saturday;0,0543;0,0885;0,8572; 88;47
US;2020-04-19; 758809;26219; 40945;1170; 70337; 5497; 647527; 19552;2020;April;19;Sunday;0,0540;0,0927;0,8533; 89;48
US;2020-04-20; 784708;25899; 42686;1741; 72329; 1992; 669693; 22166;2020;April;20;Monday;0,0544;0,0922;0,8534; 90;49
US;2020-04-21; 811865;27157; 45086;2400; 75204; 2875; 691575; 21882;2020;April;21;Tuesday;0,0555;0,0926;0,8518; 91;50
US;2020-04-22; 840351;28486; 47412;2326; 77366; 2162; 715573; 23998;2020;April;22;Wednesday;0,0564;0,0921;0,8515; 92;51
US;2020-04-23; 869170;28819; 49724;2312; 80203; 2837; 739243; 23670;2020;April;23;Thursday;0,0572;0,0923;0,8505; 93;52
US;2020-04-24; 905358;36188; 51493;1769; 99079;18876; 754786; 15543;2020;April;24;Friday;0,0569;0,1094;0,8337; 94;53
US;2020-04-25; 938154;32796; 53755;2262;100372; 1293; 784027; 29241;2020;April;25;Saturday;0,0573;0,1070;0,8357; 95;54
US;2020-04-26; 965785;27631; 54881;1126;106988; 6616; 803916; 19889;2020;April;26;Sunday;0,0568;0,1108;0,8324; 96;55
US;2020-04-27; 988197;22412; 56219;1338;111424; 4436; 820554; 16638;2020;April;27;Monday;0,0569;0,1128;0,8304; 97;56
US;2020-04-28;1012582;24385; 58355;2136;115936; 4512; 838291; 17737;2020;April;28;Tuesday;0,0576;0,1145;0,8279; 98;57
US;2020-04-29;1039909;27327; 60967;2612;120720; 4784; 858222; 19931;2020;April;29;Wednesday;0,0586;0,1161;0,8253; 99;58
US;2020-04-30;1069424;29515; 62996;2029;153947;33227; 852481; -5741;2020;April;30;Thursday;0,0589;0,1440;0,7971;100;59
US;2020-05-01;1103461;34037; 64943;1947;164015;10068; 874503; 22022;2020;May; 1;Friday;0,0589;0,1486;0,7925;101;60
US;2020-05-02;1132539;29078; 66369;1426;175382;11367; 890788; 16285;2020;May; 2;Saturday;0,0586;0,1549;0,7865;102;61
US;2020-05-03;1158040;25501; 67682;1313;180152; 4770; 910206; 19418;2020;May; 3;Sunday;0,0584;0,1556;0,7860;103;62
US;2020-05-04;1180375;22335; 68922;1240;187180; 7028; 924273; 14067;2020;May; 4;Monday;0,0584;0,1586;0,7830;104;63
US;2020-05-05;1204351;23976; 71064;2142;189791; 2611; 943496; 19223;2020;May; 5;Tuesday;0,0590;0,1576;0,7834;105;64
US;2020-05-06;1229331;24980; 73455;2391;189910;  119; 965966; 22470;2020;May; 6;Wednesday;0,0598;0,1545;0,7858;106;65
US;2020-05-07;1257023;27692; 75662;2207;195036; 5126; 986325; 20359;2020;May; 7;Thursday;0,0602;0,1552;0,7847;107;66
US;2020-05-08;1283929;26906; 77180;1518;198993; 3957;1007756; 21431;2020;May; 8;Friday;0,0601;0,1550;0,7849;108;67
US;2020-05-09;1309550;25621; 78795;1615;212534;13541;1018221; 10465;2020;May; 9;Saturday;0,0602;0,1623;0,7775;109;68
US;2020-05-10;1329260;19710; 79526; 731;216169; 3635;1033565; 15344;2020;May;10;Sunday;0,0598;0,1626;0,7775;110;69
US;2020-05-11;1347881;18621; 80682;1156;232733;16564;1034466;   901;2020;May;11;Monday;0,0599;0,1727;0,7675;111;70
US;2020-05-12;1369376;21495; 82356;1674;230287;-2446;1056733; 22267;2020;May;12;Tuesday;0,0601;0,1682;0,7717;112;71
US;2020-05-13;1390406;21030; 84119;1763;243430;13143;1062857;  6124;2020;May;13;Wednesday;0,0605;0,1751;0,7644;113;72
US;2020-05-14;1417774;27368; 85898;1779;246414; 2984;1085462; 22605;2020;May;14;Thursday;0,0606;0,1738;0,7656;114;73
US;2020-05-15;1442824;25050; 87530;1632;250747; 4333;1104547; 19085;2020;May;15;Friday;0,0607;0,1738;0,7655;115;74
US;2020-05-16;1467820;24996; 88754;1224;268376;17629;1110690;  6143;2020;May;16;Saturday;0,0605;0,1828;0,7567;116;75
US;2020-05-17;1486757;18937; 89562; 808;272265; 3889;1124930; 14240;2020;May;17;Sunday;0,0602;0,1831;0,7566;117;76
US;2020-05-18;1508308;21551; 90347; 785;283178;10913;1134783;  9853;2020;May;18;Monday;0,0599;0,1877;0,7524;118;77
US;2020-05-19;1528568;20260; 91921;1574;289392; 6214;1147255; 12472;2020;May;19;Tuesday;0,0601;0,1893;0,7505;119;78
US;2020-05-20;1551853;23285; 93439;1518;294312; 4920;1164102; 16847;2020;May;20;Wednesday;0,0602;0,1897;0,7501;120;79
US;2020-05-21;1577147;25294; 94702;1263;298418; 4106;1184027; 19925;2020;May;21;Thursday;0,0600;0,1892;0,7507;121;80
US;2020-05-22;1600937;23790; 95978;1276;350135;51717;1154824;-29203;2020;May;22;Friday;0,0600;0,2187;0,7213;122;81
US;2020-05-23;1622612;21675; 97086;1108;361239;11104;1164287;  9463;2020;May;23;Saturday;0,0598;0,2226;0,7175;123;82
US;2020-05-24;1643246;20634; 97719; 633;366736; 5497;1178791; 14504;2020;May;24;Sunday;0,0595;0,2232;0,7174;124;83
US;2020-05-25;1662302;19056; 98219; 500;379157;12421;1184926;  6135;2020;May;25;Monday;0,0591;0,2281;0,7128;125;84
US;2020-05-26;1680913;18611; 98912; 693;384902; 5745;1197099; 12173;2020;May;26;Tuesday;0,0588;0,2290;0,7122;126;85
US;2020-05-27;1699176;18263;100417;1505;391508; 6606;1207251; 10152;2020;May;27;Wednesday;0,0591;0,2304;0,7105;127;86
US;2020-05-28;1721753;22577;101616;1199;399991; 8483;1220146; 12895;2020;May;28;Thursday;0,0590;0,2323;0,7087;128;87
US;2020-05-29;1746019;24266;102809;1193;406446; 6455;1236764; 16618;2020;May;29;Friday;0,0589;0,2328;0,7083;129;88
US;2020-05-30;1770165;24146;103776; 967;416461;10015;1249928; 13164;2020;May;30;Saturday;0,0586;0,2353;0,7061;130;89
US;2020-05-31;1790172;20007;104381; 605;444758;28297;1241033; -8895;2020;May;31;Sunday;0,0583;0,2484;0,6932;131;90
US;2020-06-01;1811020;20848;105149; 768;458231;13473;1247640;  6607;2020;June; 1;Monday;0,0581;0,2530;0,6889;132;91
US;2020-06-02;1831821;20801;106180;1031;463868; 5637;1261773; 14133;2020;June; 2;Tuesday;0,0580;0,2532;0,6888;133;92
US;2020-06-03;1851520;19699;107175; 995;479258;15390;1265087;  3314;2020;June; 3;Wednesday;0,0579;0,2588;0,6833;134;93
US;2020-06-04;1872660;21140;108211;1036;485002; 5744;1279447; 14360;2020;June; 4;Thursday;0,0578;0,2590;0,6832;135;94
US;2020-06-05;1897380;24720;109132; 921;491706; 6704;1296542; 17095;2020;June; 5;Friday;0,0575;0,2591;0,6833;136;95
